   1  -0.920291609296022603527640375489   0.189197655199788867660772735211
   2   0.493648836955212682998702991938  -0.769813479669191146949797481383
   3   0.891070510275103866967275237644   0.086703040101499379802085223242
   4   0.825367285509276925203665544338   0.302568282421291566997131985227
   5   0.851704289017267069765431605218  -0.149961012282375374867989986975
   6  -0.503578705012618334960040012090   0.687128216759733641731864155784
   7  -0.305985255447481801100517298691   0.436804968468849759736311253705
   8  -0.177786814319639387941934570933  -0.431317579638913128080553571602
   9  -0.294188619541516537996068711285  -0.763929103355650253416270160804
  10   0.243661814017383336602111750017   0.771230294244123205205750134268
  11  -0.797791160527352288133406632869  -0.051846995879938184861295563458
  12  -0.156958511162232786086478342930   0.774819489789293686830506360213
  13   0.574545518528100324366726983434   0.530499620227949671262514858278
  14  -0.685064458896184509279774638579   0.359744940000173850425841961869
  15   0.552370601597502283664720397406   0.075503328599795306538063007258
  16   0.158904755763689643060999513219  -0.192391068966584561201496836705
  17  -0.597438289946602344783092713133  -0.454574972177743419229367457017
  18   0.590384114293578150539233119023  -0.441760624243083278425665365266
  19   0.148404187522208045292631630413  -0.718431879491901553396857409405
  20   0.115435519864535628253747749696   0.327815272992173650769318947053
  21  -0.323021501628345164030736319278  -0.000000000000000000000000000000
