   1   0.155939300955000000000000000000   0.944529247428000000000000000000
   2   0.931382199070000000000000000000   0.137487164749000000000000000000
   3   0.758059151670000000000000000000   0.559699991797000000000000000000
   4  -0.063859825473718866525519792924  -0.739310769924462052777674635120
   5   0.076906466843000000000000000000  -0.271556726887000000000000000000
   6   0.705518104902724843865792324959  -0.585126759247677444414463334121
   7   0.567394154248000000000000000000  -0.463279724090000000000000000000
   8  -0.074250472333000000000000000000  -0.901349730473000000000000000000
   9  -0.726883022261000000000000000000  -0.530080184646000000000000000000
  10  -0.581920373650769611833709482825  -0.679574518164787014161437989222
  11  -0.725107282671000000000000000000   0.514334314434000000000000000000
  12  -0.302480449133000000000000000000   0.826564226720000000000000000000
  13  -0.878481347917000000000000000000  -0.009507062765000000000000000000
  14   0.541724107504897909933167225640   0.045673125241264806196986415105
  15   0.271263321577146005282672296569   0.827692608168715078478366661090
  16  -0.271788430916696730784322845788   0.202101215708663755222819282759
  17   0.775890334608000000000000000000  -0.376315964910000000000000000000
  18   0.543635668057149610519229569453  -0.220237147710267946973182217222
  19   0.504421328936275156134207675041  -0.689912663585322555585536665879
  20  -0.517995312357000000000000000000   0.672459981111000000000000000000
  21  -0.510857229936756923973001358161   0.358804363013944460587417769562
  22  -0.803086828030323293215926974314   0.258893344629626561349240340025
  23  -0.792666018779000000000000000000  -0.277610118980000000000000000000
  24  -0.020751731513242230079348272188   0.836582091453092351170158323521
  25   0.158434742371169887498809568562   0.554564947463634254768066205221
  26   0.028851939335750298681927595179   0.240252436709616985315256137640
  27   0.368528459055581242453469573653   0.287774336347691475225155379741
  28   0.821127929779772689765443627210  -0.065879228520050176669456150362
  29  -0.308927361938388545452185229420  -0.760279828934962584670811761567
  30  -0.068096564386114596785084437438  -0.490317724385094064382707400759
  31   0.295172230882683209398790969919  -0.432421291764869615271615230689
  32   0.186066936874308300503071405703  -0.789981682961519708545788168396
  33   0.516799953513496061733198627024   0.621994162227785747525187799162
  34   0.239839350567969137676740698496  -0.056841025023201883322116340330
  35  -0.204041199003904189516068203711   0.526508070252715193240702228195
  36   0.741160653747267679062535863364   0.301583816443315223770351886615
  37  -0.152702471371188514770760380855  -0.114723383460443403742896553333
  38  -0.445300129214381562598024664399  -0.400606493518554800215622658643
  39  -0.546924923860475588241448745957   0.000000131140102931735936147229
