   1  -0.305617137144000000000000000000   0.901795880305000000000000000000
   2   0.164660878279000000000000000000   0.927712237096000000000000000000
   3   0.565987037468794125671946812612  -0.738078971721466977372097642673
   4   0.053808185458374582421092873079  -0.069087573667168478420690713242
   5  -0.565816312201000000000000000000  -0.706400902364000000000000000000
   6  -0.715488120087167885886988954403  -0.547869237316636423993063959257
   7   0.777220760670000000000000000000   0.438633575051000000000000000000
   8   0.637561630834755883366893648044   0.615042103561625787509805565269
   9  -0.618249525926000000000000000000   0.622650270221000000000000000000
  10  -0.411231282289644646048304922782   0.769391982709698922800964684841
  11  -0.045065802137432292628130374724  -0.864994884701330888404238253377
  12  -0.858219670165000000000000000000   0.026376368440000000000000000000
  13   0.840307852069355248948892471408  -0.155141537182220374277836477841
  14   0.221539802245392796273506254150   0.090739668857820161181370365927
  15  -0.327502151612707878371286375208  -0.777561771274430399736951302195
  16  -0.107700851422230725440721897966   0.111280456121101306723480920541
  17  -0.151467483774045836808431804333  -0.213566836060071497398818666974
  18   0.813136152731909656115155046603   0.160379746373797844001052760133
  19  -0.775282478548942710764232906270  -0.279454726542140167631603157149
  20  -0.077157077723786217593493673625  -0.552346614700374701618562673978
  21   0.526681159629122143868925156540  -0.051187272516436056090345614212
  22  -0.737945554490000000000000000000   0.333351700043000000000000000000
  23   0.087092618119939072228680477385   0.407978053873406802017724023389
  24  -0.438691911651454044024657750837  -0.441514110862618400064693908512
  25   0.340345796406826113901862441964   0.722047785951990926633510982224
  26   0.479950485206991044497165253399   0.336678086871064241687362489874
  27   0.224012707574191374821410316254  -0.304353073035087304466236602085
  28  -0.070390105951471783520742743126   0.783321755935044328024357006929
  29   0.278919025302655073214537692290  -0.729612264347488704304533689556
  30   0.627927818858446057338848807906  -0.453842082507331591267923487090
  31  -0.330689546041257048628923257769   0.426449478447039808932396533386
  32  -0.483320642232217416910597732793   0.000007093193859205645114817174
