   1  -0.176440073506000000000000000000   0.948543398330000000000000000000
   2   0.133319025616000000000000000000  -0.944476875211000000000000000000
   3  -0.286042311733349228712951021661  -0.899291560710123335216595923239
   4   0.253476407339000000000000000000   0.896443090532000000000000000000
   5   0.381032699631380975247173696410  -0.066358096253074438940364859395
   6  -0.915370289459000000000000000000   0.065186605665000000000000000000
   7   0.899881932952755235577698855070   0.159925889038369557505578089908
   8   0.907867452445530573056091952504  -0.017869202327232150569033777872
   9  -0.895498437472894062716918273531  -0.111919404782980146879321768062
  10  -0.749703860809303405358646723524   0.492841471057212435294057238431
  11   0.671410465260000000000000000000   0.581273677747000000000000000000
  12  -0.688407306456494041504794589311  -0.559939658319420426367869428088
  13   0.726182265221561608823140604902  -0.501952041027475583148036995119
  14  -0.336971172087000000000000000000   0.175847340206000000000000000000
  15   0.264004601218988793499793783563  -0.832303884372473753609537658784
  16  -0.315863865025305376973352271595   0.810585740755681724816303845634
  17  -0.823509743068522645301160873374   0.267774548355224542865499646473
  18   0.786462254865015379633090125606   0.353034103488967852775675562018
  19  -0.793081311843316596736794538556  -0.328139465209481729921129574138
  20  -0.549408234352928995151829089357   0.345495365878579688129352496755
  21   0.816258594842208435366046113730  -0.240718113962539297439974516980
  22  -0.546671789763438137962005376786   0.647625011440984428561133253517
  23   0.284365889885589330499864861629   0.140817858059626580999922953533
  24   0.490605166738296537150393104886   0.381347112093295528601106574559
  25   0.502460659776471799910494288361  -0.669956967598873307010543319173
  26  -0.486295402851013559312303782990  -0.348967547205706300964921878492
  27  -0.041070470744250791152939457289   0.162217321548242885497588406889
  28  -0.251599336054036753420748057697  -0.105996184288770273030220621619
  29   0.190681083494814402735699762426  -0.540368480950867691689886774222
  30   0.414199400639969937111636486647   0.709928119154567441243979250097
  31  -0.152355919831541413094366211543  -0.444812664319033580172216649294
  32   0.155471701928915159661561930904   0.455258893965959220922457590230
  33  -0.421466439819182125339213943885  -0.695497860917583736423023026136
  34  -0.058165483265905432353271584692  -0.806917076226100782541410557285
  35   0.482304948616339260589114442376  -0.311286297313715339714557984843
  36   0.009202084437490289518382038093   0.804877762434611685717579681970
  37   0.626500722409218899924644720118   0.051186961757145903252954235473
  38   0.114845308358320610062713884860  -0.172610819638247712587974780929
  39  -0.230300339069401721802344835966   0.485414027953833206977446361560
  40  -0.613941142963617501894969426168   0.000460367424285371240993815976
