   1  -0.797778220147361646357933935539   0.437862614512545393317063065162
   2  -0.172409296345039689166771733210   0.858421321994648582040175402067
   3   0.839139750791557845337594350476   0.105930231801189090910455205042
   4   0.791650821028333561032889629482  -0.222573583912802344086325652550
   5   0.679799216316070501444302839382   0.427881253596647865644591874526
   6  -0.103782441542560403090196837540   0.211973537380522115007493236325
   7  -0.073031109703557476777357792698  -0.763717477815497906999954625520
   8  -0.506826215007203171921317230387  -0.554364627342269952620326257746
   9  -0.082037203822028649812450158608  -0.267031639138347342615476728236
  10  -0.448614946017620330393785003352   0.565394700265563881078237271742
  11   0.379711763569361752063180029160   0.042320297730729203584327000933
  12   0.421490844645402898854636650561  -0.552848625143651050966854747362
  13   0.212075334242901125722942443665   0.641029673659335764064694522283
  14  -0.670773007963513850161487867768  -0.000000000000000000000000000000
