   1   0.670841645033000000000000000000   0.692683631149000000000000000000
   2  -0.181666424631000000000000000000  -0.923827510088000000000000000000
   3  -0.659390745620000000000000000000   0.666001694733000000000000000000
   4   0.339535903929647147267273042575   0.066156212390760492073520849585
   5   0.393174156555000000000000000000   0.830252016818000000000000000000
   6   0.859823833341085975565489937870   0.302526161641921591893750980693
   7   0.674963581169000000000000000000   0.211948503693000000000000000000
   8   0.537275520756596798409635362580   0.723079501290023321805230933845
   9   0.750643561501000000000000000000  -0.486331335844000000000000000000
  10  -0.884920670047772547887270017180  -0.086450246792313623484099765334
  11  -0.872505252825726193277555039381   0.140354625530914082267747455241
  12   0.345645494574880440961039895613  -0.807701901812185171254058204402
  13  -0.109037457617703444240252778329   0.866761183808677392945774483863
  14  -0.630666913407539588863443893907  -0.597585967044139257559851599550
  15   0.450499852108973473258955153689   0.260609309543779257764622115568
  16   0.856496082373000000000000000000   0.064835584327000000000000000000
  17   0.558778541598000000000000000000  -0.647690696171000000000000000000
  18   0.164928455811931201509411982409   0.835126858188876146873361070814
  19   0.527140927082073896619686917749  -0.351721479154907116578549691221
  20   0.811467559398407166697227853934  -0.229183667772581735276420259033
  21   0.272914214699878361190393343234  -0.535129420248513591261287262402
  22  -0.765646160970135155501578057485  -0.334579745843346464719119518559
  23   0.560618140138863588956075432763  -0.022660521738921791545866020715
  24  -0.028598506765125579714717739779   0.579655579569543154090487082135
  25   0.669577420276451006339257067491   0.481459929623572751628664018731
  26   0.321747795485672167624836571783   0.547601953366504805740865958564
  27  -0.420392821156715139102006653155  -0.365262999018101385990630845744
  28  -0.062280064645837518846493958860  -0.448626446629754922058817300608
  29   0.035410232068483475721157611591  -0.810427790975227246621270189886
  30  -0.337673194391322461689569667986  -0.734028547726995501958259122621
  31  -0.292098702583000000000000000000   0.297793139839000000000000000000
  32  -0.168761503922009609764317302757  -0.079852234314555263571452021510
  33   0.218948331432794680400742425752  -0.177113794978427492572366638158
  34  -0.686686359648642690766213645214   0.401742269979902071243920858931
  35  -0.391635008878715138111549647016   0.689069775077094712403028228942
  36   0.106496798131655814381677176761   0.222225834183481390308819937055
  37  -0.572528950197211708155988143941  -0.000038776572230203791389361738
