   1   0.519426708942810662404765199288   0.786027483131979894574784953202
   2  -0.903738066945208089365866475540   0.162240380889412973205534657041
   3   0.109920816893085814667594365596  -0.117474441875029221957021956088
   4  -0.558228692179627671475487208198  -0.685828957680077824181124464116
   5  -0.714694921340530526230022085351  -0.497217023621117521319527938174
   6  -0.146013823732757972978740737894   0.845781498804922327700012592534
   7  -0.419481383665786503095921414292   0.735758708743624286376869886977
   8   0.088181963243372464921306205301  -0.831709124332682525683925694419
   9   0.728498045960766358450474436765  -0.385292592806296507988098374120
  10  -0.411673161538857379870761226595  -0.421645044853361026589978182420
  11  -0.260971847884993621806926560960  -0.764829507901341269709908091767
  12   0.391063649210853167328416111092  -0.223882566469575250176362633211
  13   0.614263586476601270961325914904   0.499013631860860460082831845541
  14  -0.153200782987892078412347077933   0.479553172218615290130297271235
  15   0.428855315694806848080547076451  -0.646659360482972916881274822257
  16   0.007501172557447282900626197719  -0.437585957729975786690691109975
  17   0.229152288505196805062100411961   0.726173595643809003462273432577
  18  -0.744366013160660649915921470718  -0.123589289015564307513960836158
  19   0.745625914175054468863812012998   0.057379602566661552439250506532
  20   0.242292110565960339260637202065   0.216146880333368472657248795198
  21  -0.628700548410381348380405499076   0.373689563873179601165648723503
  22  -0.242569468429313302539662066444  -0.000000000000000000000000000000
