   1   0.918047254248826476056447651502  -0.123413259262441126804010255389
   2  -0.804802313552174234784291604529  -0.393339011341737027464062200407
   3   0.197971747349627729339739381542  -0.849596446956920318680781299882
   4   0.443542190002168797475950175326  -0.725750311179536257143878200473
   5  -0.093809842874685481992573192288  -0.829929179453352640943773527465
   6  -0.350433327935880677494597012280   0.740778844029388013803420008203
   7  -0.634818567310654527013685196940   0.495042503071057628106983854598
   8  -0.200350007708073621588756796878  -0.128929720815810689074390344205
   9   0.767937288265823809151507155197   0.130320491356959937688241433251
  10   0.553675947442049299716454907770   0.530723090769917472469483437682
  11  -0.226578453264341667815187746179   0.332539691384401147107255278443
  12   0.117309639170444556598974291117  -0.466765120529679733224210143565
  13   0.095615377423843036701771310050   0.728038979120828812084408342697
  14   0.634969329444784478470788439172  -0.348378166778132091253375638178
  15  -0.450238751745936880923479743642  -0.554899400936029593678309164177
  16   0.253837245740097956056937135885   0.087730213078418864415469259561
  17  -0.696149964688219456784246166735  -0.000000000000000000000000000000
