   1  -0.836120402938179717159885514718  -0.376865744784135566344826483364
   2   0.257644790716368804565458793254   0.844369214151714855781014111121
   3   0.827627393209960220233311474886  -0.220366414784182208359879058479
   4   0.655738459831145707084856306398  -0.515744705064692332216971393219
   5   0.807407874959182891193563899941   0.108717777974941146957799538050
   6  -0.222927940992923491944777993206  -0.765195905730926952714793140768
   7  -0.573474047088565698541928855508  -0.529799904318660942457258572602
   8  -0.083918610397154476475583038916   0.760991854779145982473100916320
   9  -0.516365028949213800084625069144   0.545846896935938130046574770567
  10  -0.147951732486030666400938929524  -0.304860130873198268706727997664
  11   0.247545185540781357329665402342  -0.681586523116265480322570774652
  12  -0.076281800019871846890854600707   0.239578587452294246861203463731
  13   0.382999050572623008459492066679  -0.124159224125116350591259676167
  14   0.476617118805741125847537707536   0.477472273081048597713064893120
  15  -0.679041356459304226288554194179  -0.000000000000000000000000000000
