   1  -0.760193789578000000000000000000  -0.580751210834000000000000000000
   2  -0.909745960015000000000000000000  -0.248449790564000000000000000000
   3  -0.892707812631107981369708175566   0.268442967089842200699174057455
   4   0.418984436492650699477935306957  -0.299411558242787732762591450530
   5   0.554961291772795858883342822345   0.724299965489820706169833378377
   6   0.682732910113401926830997833106   0.592698199973455321563708542419
   7  -0.292853812441000000000000000000   0.843973673063000000000000000000
   8   0.888048379873000000000000000000   0.005001806755000000000000000000
   9   0.852749096151000000000000000000  -0.225113747612000000000000000000
  10  -0.489987444451989935318895734680   0.726395775739213707000589083751
  11  -0.155554578755131748856902503525  -0.117760278041823034801562939146
  12   0.441565499129031512256609431393  -0.743096548680020324634156717493
  13   0.457420630705975688558290545019   0.511671754871889673187669263558
  14  -0.212374175474000000000000000000  -0.825957992133000000000000000000
  15  -0.754766319646000000000000000000  -0.386184714316000000000000000000
  16   0.283012833584000000000000000000  -0.496434100543000000000000000000
  17   0.311970494205378209445697598024   0.778404476030657797482773378094
  18   0.149604718463676804674606087597   0.493995278028144255531032521964
  19  -0.016163835755317863646947405964   0.829205450148012429984321641753
  20  -0.006633664504232264642928169834   0.190718458431433825522264121379
  21   0.347268685637174337410033134316   0.210649569376199614019514130454
  22  -0.449886938210498804238823343542  -0.246753567931124167717946407463
  23   0.123769992027837574854799029788  -0.802773187405098614141235939565
  24   0.577327999120512317719158728477  -0.080626751547786853670569967328
  25  -0.372841776749809894859781838004   0.124689107835031718279523717963
  26  -0.497471787644826602534567798237  -0.627013039616069747835555437303
  27   0.642908845978657996947526838645  -0.470339592069633610730002623552
  28   0.180513531296509657836932231008  -0.142544986964839264303095659290
  29   0.733860033418568815165293115319   0.290287869876749082802674525106
  30  -0.230586003232322241287460165721   0.509379048700335407474655379474
  31  -0.655072978313259445894863258950   0.427159867903180977247811117093
  32  -0.108467897603649618112582472565  -0.465873327404234381145490526347
  33  -0.775118540371693880204762675162   0.000417524531563802488764877146
