   1  -0.937774078063000000000000000000   0.201103656695000000000000000000
   2   0.046807457036000000000000000000   0.946222522170000000000000000000
   3  -0.907703623505000000000000000000  -0.243180286827000000000000000000
   4  -0.231993423096060116868450311294   0.333536953741977614271526244756
   5  -0.212421385581129581994071095804  -0.356612478200088698758228741193
   6   0.838933992796542593941673279947  -0.368611277634851839895687227596
   7   0.748316748128655961091798221275  -0.517172316792667219571569892284
   8   0.678118884198263468030921260784   0.596435136314374359839753099513
   9   0.507679011616000000000000000000   0.739526938631000000000000000000
  10  -0.433445438870000000000000000000   0.777410585077000000000000000000
  11   0.878572658522581252547195295094   0.119985252035334782945658681633
  12  -0.564967151305000000000000000000  -0.676586108737000000000000000000
  13  -0.060487616783820749603989041983  -0.874771482275369438176205754286
  14   0.329100475086000000000000000000  -0.152398065581000000000000000000
  15  -0.796583131671000000000000000000   0.342824075906000000000000000000
  16  -0.319128695375941137964918941337   0.540182015662548047152867315951
  17  -0.381969869164000000000000000000  -0.492638289865000000000000000000
  18   0.843546329393481622948054586722  -0.140102684091362807697525370852
  19  -0.317501514391000000000000000000  -0.781804865378000000000000000000
  20   0.766417200358462519006665245213   0.361193653642215197366725118886
  21  -0.145076653132598510119953747012   0.126204852185151431122478667212
  22  -0.614130964053420441648376253506   0.572819716283117199492214107989
  23   0.529802519530315595093320231785  -0.646957867518708155962836952504
  24   0.268447596413160511788277628524  -0.443674257655383291452254856002
  25   0.581578270212813053414325420721  -0.316214575488203859422863676206
  26   0.225729404168854663051304960338  -0.794406207844023796792014315398
  27   0.198270101661152158822105331488   0.127253516079340967402569557927
  28  -0.146050186347830552686885361047   0.806157229025820366129027109547
  29  -0.060153389507909238838632552898  -0.567713340393010349155094955963
  30   0.221296470710862722151537170613   0.782237119771492022559490149028
  31  -0.476761451203269159030627492488   0.250528241732819610708530084241
  32  -0.703431608422000000000000000000  -0.395070326088000000000000000000
  33   0.005406821090950938515446229395  -0.192782074521118936530064119445
  34   0.570344844653365403245994377488   0.069003938031844329914425882761
  35   0.008948363155839284153884964184   0.456173294497899133721910454018
  36   0.418335368700878142652840285671   0.443380645326131764610197870219
  37  -0.394914635347437854077658342880  -0.138861293589804572563543442960
  38  -0.789467867357122802925472222193  -0.000000731526723758083534171208
