   1  -0.579389695948000000000000000000  -0.767775656112000000000000000000
   2  -0.844906012860000000000000000000  -0.413594864950000000000000000000
   3   0.934113363538545060931553788264  -0.008718741909326822652530135508
   4   0.910223330125000000000000000000   0.154497321490000000000000000000
   5   0.901592509997659798434814047760  -0.156024314644929468195854655741
   6   0.254968901121000000000000000000   0.869150306906000000000000000000
   7   0.045367615872044968809427536102   0.898273728970739069312500219530
   8   0.683457653258000000000000000000   0.573551258836000000000000000000
   9  -0.871016940973000000000000000000   0.148120436274000000000000000000
  10  -0.796478213441000000000000000000   0.372632794789000000000000000000
  11   0.310309517746000000000000000000  -0.815805944017000000000000000000
  12   0.127209202101002720491784762875  -0.250444949684914353896439825859
  13   0.103978997368000000000000000000   0.280102085064000000000000000000
  14   0.784134233258000000000000000000   0.342689289058000000000000000000
  15  -0.444070014419000000000000000000  -0.187570946661000000000000000000
  16   0.453106779296156051810671024375   0.716720666032798792626072367315
  17  -0.334443708489011309758136333950  -0.774097469186732493843400755408
  18   0.759008299454282983599177687413  -0.356850928375683788046582435837
  19   0.207363474076482716719733698001  -0.536840461426771175373674083286
  20   0.431912695608407618393542507394  -0.287266771104948752653498426745
  21   0.273377214034896147856706875894   0.018278157941731126418456340811
  22   0.541713855716870895569512137390  -0.617833156187659584697321063820
  23   0.001807659739551415886197603651  -0.817678826884713121149085974261
  24  -0.217744641672548276708706066547   0.784086634283873994957238102538
  25  -0.198873338500312612463591103022   0.404519074520607965018359217548
  26   0.122739957743136388464156377483   0.614195348880230015565813603059
  27  -0.787662369853457285301084168575  -0.153406328837696204759113597659
  28  -0.547870371566766633333192746080   0.581359696133039814810058866524
  29   0.436468896073027968994130313158   0.360320732748556193769613438082
  30   0.660965026754401086292002075379   0.013728269632787539285658178665
  31  -0.596623923930293869918768825018  -0.515278364323338072128870929066
  32  -0.526140979000658834470679607046   0.165712637122242702531588408549
  33  -0.168644955459767722109195622845  -0.437594793753773711448037870684
  34  -0.122082717052908389593571361322  -0.000008296059712944298832981137
