   1  -0.538521625087187219559353958274  -0.778681114362342701122561921554
   2  -0.439767502060421901756438901733   0.813465823461410533932808826101
   3   0.609939883315157608686421117388   0.672356831851072493013412821205
   4   0.441128973296633361608355601263   0.777049666544098067814411498829
   5   0.680428300431554059999899007199  -0.559572251767086631699877368570
   6   0.213651146079698538366268974844   0.842971721972692013430835884952
   7   0.473385186852553957147455953584  -0.717004452568439889720656895220
   8   0.844914182744974854527380410982   0.087726497088925254964883412654
   9  -0.827431182128846738326411935737  -0.146538731941222757153114151662
  10  -0.811717766440609943821150734075   0.181155949762022972037899498993
  11  -0.157228413925966719736825639657   0.347414989212536778807996996149
  12  -0.272378478947355349373169368053  -0.768797578353908151022995046449
  13   0.702602266458927672486706133033   0.399205895266049595047384379972
  14   0.760307746990511511979691337653  -0.251578584938072650576585201335
  15   0.489302496292912426594277595876   0.059910861188260320236296868657
  16   0.124812628310748258264943273186  -0.777140022838537834569365784738
  17   0.065578727801246895461537589384   0.020050335269620752918691069864
  18  -0.125678787791413676328551735790  -0.385330884513109396230363507685
  19  -0.138010189152226640240512134129   0.755494409570491253792639839971
  20   0.337644206746205497346636659724  -0.363305794968396670421238085614
  21  -0.586284727501365068035706825956  -0.477435005930164718903640329177
  22  -0.551801055642252041148137172397   0.508471099964064112599176921761
  23   0.259600070160528180787221412557   0.460084883353006672270573549487
  24  -0.422774172369651424682254338915  -0.000000000000000000000000000000
