   1   0.915726572956000000000000000000  -0.266535823851000000000000000000
   2  -0.636641867667000000000000000000   0.689576630615000000000000000000
   3   0.631705511213000000000000000000  -0.679591854934000000000000000000
   4  -0.916456219029083628333779552190   0.024953729437860975383045365867
   5  -0.893850060668000000000000000000  -0.150311918397000000000000000000
   6  -0.874338095351850114041940724112   0.205206360051476983206436330526
   7   0.132320661486315218565753692074   0.880039180050358059253114367637
   8  -0.095398220587014365998473533589   0.877159191254783745897288491213
   9   0.632780093263000000000000000000   0.604379049478000000000000000000
  10   0.128194280953749303138978482107  -0.141707907541147240716562342003
  11  -0.607223072813000000000000000000  -0.611606641532000000000000000000
  12   0.313943449859163922509723396942  -0.345403164305193773724141636278
  13   0.007683711093241021652194531149  -0.849966914145001781243792756625
  14  -0.755767794542000000000000000000  -0.357470613723000000000000000000
  15   0.837683494451307307455578310168  -0.044712087988414387231216444339
  16   0.373661001005468605829524693347   0.745152794206828798184272925545
  17  -0.422560167156000000000000000000  -0.362092949409000000000000000000
  18  -0.327468954577751506126878120602  -0.755583177837999405585581913109
  19   0.383392349778995434108424499159   0.397541576404809604968269725863
  20   0.086340251625270024937029938744   0.178223260811758164916247940958
  21  -0.188982078766179910895817795780  -0.085022940264935288800971005746
  22   0.746951746506412201478736327781   0.299795384368533898863118994224
  23  -0.674587371863492320706256476340   0.430935920451001749638616733017
  24  -0.284784831347021238259472526422   0.297618384427658466133770610001
  25  -0.369133072849759431231607896133   0.700705693562598472078370038587
  26   0.030979513708676496226411349022   0.572535725673336021637176515026
  27   0.343699346397234556388919224566  -0.704456689297895231155493606556
  28   0.675484831553279246092902878237  -0.389751090111433286670797818565
  29   0.454961292058760807193859530315  -0.001463745963441395352275706657
  30  -0.036252886921978286254850055185  -0.474667793382669483887844869737
  31  -0.602614015945811721754208345623  -0.000023921393364935370868250823
