   1   0.535534695717000000000000000000   0.796297602359000000000000000000
   2   0.808321343588000000000000000000   0.490081082637000000000000000000
   3  -0.044761455001000000000000000000  -0.933938335441000000000000000000
   4   0.354972750046299380586132631174   0.548079705644764669649447544034
   5  -0.286766816625852516238601008202   0.137011804111894436621809900062
   6  -0.826552916739019286508527030006   0.385013804927460924032418825563
   7  -0.669549483538000000000000000000   0.288873546452000000000000000000
   8  -0.218168612000660316050185612573   0.871220645265384787012822465260
   9   0.666874077262841430033225935635  -0.592417150492293383209102524263
  10   0.494929566370000000000000000000  -0.734870549620000000000000000000
  11  -0.877918144362292416610145235697  -0.068813107507890690610167224024
  12  -0.857744092922862067423749461166   0.174438760910203409958489018134
  13   0.868030874312072845782459362012  -0.061550236203066364744412743972
  14  -0.671799950032079204361638749363   0.545387736296866289803547999482
  15  -0.581087425080655888844016179851  -0.634776676906740207885193852489
  16   0.139220637582005249299638212070   0.558064992855227662674772182829
  17  -0.151509322124012038610919693393   0.589354491497873190282411907268
  18   0.343177308997000000000000000000   0.774074685794000000000000000000
  19   0.038888316359660316050185612573   0.841845241535615212987177534740
  20  -0.432450664697663150557153588234   0.718981103696077855372091564128
  21   0.763890170093516413422232680908  -0.337289152061923287624502707973
  22  -0.174741357562750131125839359511  -0.086673257896645018571530119004
  23   0.598503981279229685759511896887   0.571247342835984589862596625343
  24  -0.751850232823276847100747406745  -0.336335391700625994010941163097
  25   0.554645713091026568068083419062  -0.063055188143363447161776715063
  26  -0.403865806526597926406524189545   0.373668165797615690681321745971
  27  -0.390022686850248050652409358173  -0.370064501968810901739814454295
  28   0.184462400825037805487240971361  -0.077500022101014811008767819878
  29   0.767656151907573940822230222257   0.246131442692096812463252254751
  30  -0.008310086112565812731017475104  -0.413813098947649955376186953666
  31  -0.034547924975512907755723797061   0.260702496900248634201886476764
  32   0.369324648547082231729999810137   0.272828484902599517896855229727
  33   0.175394706228647012458619190760  -0.773577354834516974107244783106
  34   0.398674722287622409285798986969  -0.421763317202717804860058938340
  35  -0.247134059488349325171401246564  -0.747230427525678455587711841829
  36  -0.549680100266313915243885236222  -0.000006960247778568661066200590
