   1   0.815973437558000000000000000000   0.483108715415000000000000000000
   2  -0.488917267341000000000000000000  -0.823768464390000000000000000000
   3  -0.781525288295000000000000000000  -0.535262009663000000000000000000
   4   0.585354683144000000000000000000   0.396451527539000000000000000000
   5  -0.111001964934300507291433498294  -0.712866294627628739057707911341
   6   0.555956029575574360827195889486  -0.204010124463557425394906261394
   7   0.130801470757960704198017156708  -0.915635546235228072068591627624
   8   0.280925900353682077834410657641  -0.875795011351443466950119714006
   9   0.909154040997000000000000000000   0.074421714968000000000000000000
  10   0.904531223840147845752306768694  -0.102101343026790890885197170074
  11   0.078551189562749557572112805831   0.902484058829538762672838954273
  12   0.522729415160000000000000000000   0.734585893465000000000000000000
  13  -0.756310374185000000000000000000   0.483076970356000000000000000000
  14  -0.384048172100637862981267128162   0.807124949442745540129888296664
  15   0.258889006605574407813532886396   0.203881082048720304203133943240
  16  -0.055220178589191106637858044545  -0.884784946499588211675258143545
  17   0.658566389933143495521956975025  -0.588220350866055246666623818600
  18  -0.877746402142000000000000000000  -0.032083173965000000000000000000
  19  -0.462311760294000000000000000000  -0.308421209395000000000000000000
  20   0.668629964594757597989164425244   0.561474255170726248083515654576
  21   0.498779134334630637027799530305   0.207184569203210287074724764584
  22   0.300184822692497796066459476282   0.813286029913351250970872855859
  23  -0.145912626612820076517290909285   0.851514911070749601298539262238
  24   0.448088711333812823854915223140  -0.733920595892243410971080496710
  25  -0.569250185930622359522207377010   0.642142164284871472418208996514
  26  -0.299478523957762093137489622433  -0.801180976908020338884115184998
  27   0.064369778774516782246520919977   0.661364391356255211987611689040
  28  -0.816656540582000000000000000000   0.231595905333000000000000000000
  29   0.680309386590216588835707453881  -0.009686637778666832203232215436
  30  -0.533657412278087291742714720152   0.347006218652508640647968771399
  31   0.038262270542383102414532429950   0.036412925603683442351262489557
  32   0.034580039804475426802298485414   0.354872117242944228722421574611
  33  -0.230322469019638102363655671931  -0.139323745245911994064434996973
  34   0.781833934277739821544162999532   0.291924017109841361700729709704
  35  -0.250576872569507149222170271486   0.190907649112123654117823053471
  36   0.764972947288734058981922473567  -0.321430374118023386090141854316
  37   0.089761247186344585606177380348  -0.290115841064904321139888394850
  38   0.355646476634145759876396469977  -0.063973686172711482152312975296
  39  -0.763449955698300879937525081397  -0.306851040354306842202791545046
  40   0.419854968042462573880111592692  -0.412462289476933843089455578965
  41  -0.556454443342951838704750901828  -0.600007326597687152223934036005
  42  -0.208389965239081963184460873703  -0.485502961106888672518768082166
  43  -0.255307659900637441973706560702   0.544792026479467031302878987099
  44   0.132253637182155255134633279356  -0.648401224616279685991227792197
  45   0.358411124469242847266984434707   0.495153095646555922596639548705
  46  -0.557322261033658340862291327607  -0.000033004262458228422002689258
