   1   0.621505882959000000000000000000   0.740660175524000000000000000000
   2  -0.418411161483000000000000000000  -0.864701651888000000000000000000
   3   0.275050463520798510066188093997   0.912167611680948005432200386468
   4   0.810818266308774773114872792369  -0.486539102923665507148647840528
   5   0.343142545019000000000000000000   0.170083700814000000000000000000
   6   0.018291350796000000000000000000  -0.517381141835000000000000000000
   7  -0.546524377880000000000000000000   0.749198620890000000000000000000
   8  -0.808052139101000000000000000000  -0.441032991885000000000000000000
   9  -0.713040642263000000000000000000  -0.572668308115000000000000000000
  10  -0.028369875505000000000000000000  -0.913442096649000000000000000000
  11  -0.787488469437045555788289694026   0.455582417248482395460282495563
  12  -0.170292496910000000000000000000   0.887694884139000000000000000000
  13  -0.314641341633663900762926169841   0.408206458448555956719790303009
  14  -0.897317177976000000000000000000   0.004021841451000000000000000000
  15  -0.660036254300139350064424624092   0.603933768525378089278497733198
  16   0.410928183874422938755194392466  -0.790791590686133385571772736795
  17  -0.368678848854778629920886390298   0.807670392833532018473847053397
  18  -0.012649396824368151635915391794  -0.697203511052697706554810970781
  19  -0.436727762889806033007570881155   0.587193779268003875062917293556
  20   0.649852609540883436998680459162   0.590912517185962109964002707743
  21   0.167475160182000000000000000000   0.248049059610000000000000000000
  22   0.871029466911731043870589962460   0.048967686309940282014060459756
  23   0.179311228354044661460448561052  -0.850848014042200574809321702874
  24  -0.837165465925268341531714804055  -0.224448032057377849668840436518
  25  -0.831770764392259465708572013638   0.233718112935956823578708798398
  26   0.245022009210000000000000000000  -0.004918933604000000000000000000
  27  -0.085765449333752961986781063601   0.337882316212292179185302540105
  28  -0.240196123016976620330819782467  -0.821664736973621801417189221212
  29  -0.313066609713959063009377322515   0.161274147797236697415545293723
  30  -0.038776703377456251460377600077   0.051357722097737912978222388334
  31  -0.501731074635263316290938057439  -0.684311778384667364379176264554
  32   0.138674635948170412368115052751   0.529695835106843949309065145952
  33  -0.560120549822752905224778973741   0.341600957336470423333890350346
  34   0.083252896900414020304427859428   0.837249380820662697789213425311
  35  -0.160628988519932909795713944572   0.630755820089452646378491006855
  36   0.768362665521188153646585043479   0.331107651062080721467228038284
  37   0.247039618077000000000000000000  -0.562377853372000000000000000000
  38  -0.284378947958320455302997587501  -0.151601042526619235706749357837
  39   0.393986755882575083095915082174   0.730660808319173990000980853500
  40   0.413309387967748521154670942553  -0.267827218074619065857923546642
  41   0.434566817048256313008615329908   0.387994726844234619732640969251
  42  -0.559697339944951167358000178704  -0.361718221050229024057515375417
  43   0.593001672359793368931485276411  -0.568683580139042432311655003118
  44  -0.228903011009891475713823524592  -0.495292346506429364977900999981
  45   0.560997476559226108994901424483   0.054482270030419025710608809018
  46   0.056757913720515075507401179589  -0.268167426685799496466373652404
  47   0.771355230324800022658327135011  -0.248889576683341095157059804314
  48  -0.606660062628214134442788244961   0.000014654386754774486480875657
