   1   0.640055364628786095039741659531  -0.683876398701864172657438132331
   2  -0.836184214236990009562190506996   0.360142778293810205145245797342
   3   0.481532487458699971150865019876  -0.083065876098095470985433807110
   4   0.038389080287883755874494018931   0.872503667704895695029825461391
   5  -0.226159014198104839610712662261   0.828070128297694430282210157687
   6  -0.485282624134720507704869734641  -0.691612785822919604277932154999
   7  -0.700062402741068850821198152641  -0.450437301316858266805053733520
   8   0.655946106632020705659298798175   0.493548109144643941594202818516
   9  -0.040162554042264993353693516317   0.550263901150451926886285032012
  10   0.373703877012899132450059659337  -0.707062887788754113824498582883
  11   0.335945939794495820687143563505   0.714978762925435665692210479994
  12  -0.328770796113853521206718014066  -0.341605572484483906666166609746
  13   0.765038179471231242846985201417   0.100985662352721377987440023954
  14   0.662419071068636238545832520692  -0.378753944541860618262603251831
  15  -0.191304998382157662247766396791   0.102222384741336933534985093531
  16  -0.078463928806650360150176923000  -0.742561591417839718834791925380
  17   0.295862926223581979984391422679   0.240313028420183127052066775973
  18   0.156272464948399241880404831065  -0.276347045078448035124232239574
  19  -0.505850126445173827036436349194   0.517923930716981425354276653271
  20  -0.716797060903843346855407387813  -0.000000000000000000000000000000
