   1  -0.108413106799000000000000000000  -0.947045514327000000000000000000
   2  -0.799819034917000000000000000000  -0.483850945933000000000000000000
   3  -0.922402329965751901027322454292   0.037924926112913735880344182689
   4  -0.435619693318720825388123039880  -0.308772489616303399390706855643
   5   0.897718181932850386289363663848  -0.074786606245273400475373766574
   6  -0.454585370886853645465602086824   0.766732777961212773485180143414
   7   0.836264084444113322376120434108  -0.282396143624198379321494455596
   8  -0.627603878141841457784750106068   0.609066373918863209096161202526
   9   0.111386167907823868460980369284   0.859761436148120460015019039089
  10   0.432758125237702823995590626597  -0.742892755557274663898855979035
  11  -0.022621673094000000000000000000   0.247025042863000000000000000000
  12   0.680217998505358265717427938083   0.503621196027474627726916116104
  13  -0.259947362689354120421969016442  -0.798860643759789140222193431195
  14  -0.184013425503668741979829544608   0.813501154389493173957622103181
  15   0.055154305879000000000000000000   0.560155238077000000000000000000
  16   0.646830493826957440373823835753  -0.508206517894476064608571829348
  17   0.785997392058073900119049377424   0.184178541084185068132809242562
  18   0.395128159741784597679035926147   0.709188669403313680554683607893
  19   0.277798165306269540758122929144  -0.447498155014307622130550585990
  20   0.098292139530131022595145666699  -0.795607185157670348486254055366
  21  -0.548293467978590208682018198919  -0.578097901346293741867721414361
  22   0.113309075799306287380679961652  -0.081406952741834457513731099291
  23  -0.315976387582042868092762836645   0.458584427615627733169825113032
  24   0.536502981899131754862906140828  -0.128653751720294235738402081297
  25  -0.741302195118998799609049122107  -0.199454666475891003247327778030
  26  -0.145155058702969380534973844631  -0.430264759851734702223437384943
  27  -0.714132167086880539504257216833   0.263846333540276007644246208198
  28   0.357235389011580851660655806855   0.288040233767475564895781655594
  29  -0.326092492977463215855338809779  -0.000087633047288587607081499476
