   1  -0.041435091876000000000000000000   0.942371039079000000000000000000
   2   0.025646581325000000000000000000  -0.955879968908000000000000000000
   3  -0.939924780305000000000000000000  -0.125462417306000000000000000000
   4  -0.786167231323348986121261971269  -0.523349356650320297163472646437
   5   0.259653566315000000000000000000  -0.344010840990000000000000000000
   6  -0.031939164955420306131648103421  -0.669281103303188228833829874613
   7   0.632262245881000000000000000000  -0.676217752492000000000000000000
   8  -0.549970417353018537782809206064   0.739224869957265660172320840432
   9  -0.409612952099862637169753483181   0.820038538829238569698217136741
  10   0.879135737456000000000000000000  -0.241273633534000000000000000000
  11   0.705209575589052679260894417031  -0.167554068790184436295318820861
  12   0.349202230817675126844475991890   0.833565094123291989273806395820
  13   0.253387476007000000000000000000   0.654235348182000000000000000000
  14   0.473938843894000000000000000000  -0.760216582656000000000000000000
  15   0.763189503184448177739098138118   0.462504210533506567499051050494
  16  -0.376662076167284478963618861821  -0.805113668662125943470089008053
  17  -0.811253420096356130856710437539   0.354786260289348268699536416972
  18  -0.143868644106419867950810459808  -0.296008871767358759886137873851
  19  -0.217584130911253564242712100550   0.324429571698981743337800964871
  20  -0.553787368368759233382033871499  -0.052087667194713640553444212004
  21   0.872313550073063790818425257000  -0.025278190253497597879618459100
  22   0.622326995361672429683209406582   0.038893866605292887778339812648
  23   0.834962672236810362426555554688   0.232596415950257329210458006416
  24  -0.661196806907592760068690967483   0.555582368428655929242903402133
  25  -0.130871069316543131207472913904  -0.851078914153739389047079630826
  26   0.111928081597708067110048599869   0.851001972065230701700203110041
  27   0.564581182377329699850625102590   0.307439494429177403921180710796
  28  -0.179659779316987457832932918671   0.833848149256942197037120006708
  29   0.287730087928432870601484031906   0.406341613719222659860669106636
  30   0.383170907320555770737780476215  -0.520118736471624511663761083359
  31   0.344960718056408002274347039142   0.104452568037698244025656413533
  32  -0.418882938894849575853445208032  -0.299997109288879796233825964036
  33   0.075666124158122787794257047604  -0.468656695590169250609976065140
  34  -0.234771997654747335850622867329  -0.560715393430700741513441652087
  35   0.043511319473241782262312004345   0.208993787891750026057813564623
  36  -0.358818522212978901206220815826   0.575199921094470424263610695982
  37   0.444908455672774485849944124000  -0.203423513124003669991641429037
  38  -0.825829100628248424744748112363   0.069287513001273142961633171377
  39  -0.568542153340184447931782054947  -0.594867626114197847071083832377
  40   0.699924443757188941607452621671  -0.435368230973226092458994752402
  41   0.530468649117042668039033146463   0.627898184354642932769172915156
  42   0.103627563631682571929166276413  -0.130147113138593611136469154614
  43  -0.010749225701808039885221875068   0.551278401551390853697956670075
  44   0.187517974069416815490145508083  -0.793858417297640640421230329202
  45  -0.761988291521547170537793646402  -0.282615651588729094172160763872
  46  -0.520087350457054065159462268423   0.258789091217187483544440920265
  47  -0.243282851869975491342557678947   0.000035552159531978134666406678
