   1  -0.884777752612000000000000000000   0.394171443237000000000000000000
   2  -0.459210326690000000000000000000  -0.841429372078000000000000000000
   3   0.413292455898000000000000000000   0.857247775981000000000000000000
   4  -0.754686136082000000000000000000  -0.571644629387000000000000000000
   5   0.103814226109000000000000000000  -0.469241533401000000000000000000
   6   0.032558468434000000000000000000   0.385014704989000000000000000000
   7  -0.361548057917000000000000000000   0.165470562289000000000000000000
   8  -0.479144468803000000000000000000   0.790139515761000000000000000000
   9  -0.340197790941806236989433544964   0.856490072952008109806255274339
  10   0.848932374814096707373796946733   0.347596077023674943122870928898
  11  -0.037792715599000000000000000000  -0.911332688771000000000000000000
  12   0.907107431216000000000000000000  -0.055161849150000000000000000000
  13   0.399088624746000000000000000000  -0.811194389237000000000000000000
  14   0.519718289015000000000000000000   0.421109496415000000000000000000
  15  -0.764796162751231318203629364214   0.472077177914832948634096227038
  16   0.744350201968453706862793700107  -0.497750621657619944375263157952
  17   0.078210547309000000000000000000  -0.122415850654000000000000000000
  18  -0.250779485126093214307776103995  -0.546430895283439107096357801418
  19   0.669619917642000000000000000000   0.266435781160000000000000000000
  20   0.870404983531714917687003147135   0.149191190192423751571091637696
  21   0.721180718345187943017486507097   0.504649116397658593059251205366
  22  -0.603926926418000000000000000000   0.636263234151000000000000000000
  23   0.208753550671829135899275805495  -0.316670319116779916051201743525
  24  -0.870419034336652685286134443976  -0.051491551304742087035075729737
  25   0.175976378571000000000000000000  -0.849217450089000000000000000000
  26   0.566635377918398937233528012767  -0.655830416185206667457389284713
  27  -0.022870523112859150157991341176   0.579972654509803908178813443025
  28   0.819354284501331040360712036929  -0.266742065298409954468827791106
  29   0.418931132510481417171671970590   0.201435957271370565166836682702
  30  -0.118745285509848940529440207570   0.848557209299185132835873315910
  31   0.328003189198417124142892010077  -0.073424293903605897100765088747
  32  -0.010132539026979494650300544704  -0.641582271991267702395135956808
  33  -0.255703847445113948566087464475  -0.810455948981722313767167653264
  34  -0.817459186812342077555102821890   0.223943413162083718704227276830
  35   0.287260770999203679875010763586  -0.586144551627439176701013517212
  36   0.503980895565432350506762288773   0.675960205327645516783551731837
  37  -0.074523101298857873533877292946  -0.341540375538655595577887995330
  38  -0.317388035932934646255465540644   0.618020833809745250572978635182
  39  -0.186091810103630250029632084391   0.321398384196119875177266478988
  40  -0.397221181220571010803516538480  -0.309074782567612194215291865623
  41   0.257153839607610617831599874754   0.463698946774003449442831359111
  42   0.638052822529571709588222668416  -0.018095267992171678418710911309
  43  -0.519184992472186990095360164090   0.353697462928861960139961736911
  44   0.107876590887571512311860967829   0.157364307088989195608788630188
  45   0.196206306768937143147088930016   0.800966189624847509925368122260
  46   0.510469840007103220030534961216  -0.340463100588787006159252850118
  47  -0.529410165050511986663750284620  -0.627237204021639324237593109796
  48  -0.196644011447376824954082277348  -0.024114988692604989346635224572
  49  -0.744730037255861816317007610479  -0.336004507613974880863320208585
  50  -0.561788959104195448376503225461   0.000005206096173799933437267685
