   1   0.880513633805905342762332767793   0.299870732295223052970992923470
   2  -0.818897889431797009305265869890  -0.376383126090005809955915862269
   3  -0.520521081234430573413075786040   0.708382480608305118871064465415
   4  -0.049574259463079524457440281455  -0.479301772775713275470511980261
   5  -0.260035379869592219709564293918   0.802804543560712716129436280445
   6  -0.684867576981668230944523701339   0.467056022486771795134563652505
   7  -0.100162316712328323097147022581  -0.809086042973295493575090089221
   8   0.622793294083863360349883027935  -0.506108927610747649919149670253
   9   0.287302545221945063492528921592  -0.736471662347981199669610646103
  10   0.262053247949752069439041442947  -0.294356383733621747775599341856
  11   0.601094540933421682501604624360   0.478699576174938261039893931805
  12  -0.173705493610718171858282688884  -0.116284078068088159259365828502
  13   0.214072366906066104588150744977   0.189169981177280951614534699090
  14  -0.260742933717901756117899265925   0.383420398263502587860997388013
  15   0.156858299585569725165026117198   0.712509973744140344781480088167
  16  -0.477857710532216430203462772030  -0.539504157830046218406038235783
  17   0.711520433936979394745844826764  -0.028901699840161706212862458533
  18  -0.699108750685542994780201166570  -0.000000000000000000000000000000
