   1  -0.750538012077000000000000000000  -0.584293036006000000000000000000
   2  -0.798600337540876754663360636962   0.486503377188122227351517241351
   3  -0.918074322942000000000000000000  -0.061591656593000000000000000000
   4  -0.443837777876136928287029535232   0.308774999445494355436289385212
   5   0.555837318720513453804614717852  -0.704554996894536234887353265256
   6   0.700310258111905313496859559447  -0.545381155867274822780184654004
   7  -0.370480417168876674134553716863  -0.796690689777808428828549709812
   8  -0.579555916999000000000000000000  -0.644767916631000000000000000000
   9   0.084303203346858507491575703176  -0.545434828633570470014902422350
  10   0.454507974792000000000000000000   0.723150336913000000000000000000
  11   0.060823159283568977964033573628   0.133087827190997166063819404132
  12  -0.265642373714153503452206619130   0.798023676302933893358055324716
  13   0.830192802220435261579627694011   0.085519473209402783460865690682
  14   0.290946233426733111291986483755  -0.775564483086424475809944451430
  15  -0.072259907339110529322526193705  -0.819135762164644603924901225521
  16   0.774352586159896998068047501544  -0.258907855328665121896481050311
  17   0.255207090449755728832995422633   0.413644797243358724200740604219
  18   0.065749165062056670341053634906  -0.213678215471834866690610492482
  19  -0.550858260158852055695115353144   0.580167041877897616935853333758
  20   0.409489739336958996713931180546  -0.417866726021459309264643548350
  21   0.103213657996099434642464068456   0.782988863829431946378899931420
  22   0.659372671469455123991358552036   0.425631491420664284885670525701
  23  -0.156721079443691559794924943460   0.435068841148220675523109549877
  24  -0.269556392434574476112646637880  -0.465596693279571045997758472118
  25  -0.744962424568352334771203737792   0.197164316688879519064950169603
  26   0.432469588894000000000000000000   0.028370621785000000000000000000
  27  -0.701202559287000000000000000000  -0.294589242720000000000000000000
  28  -0.316138093788280194180369664984  -0.000408149578518033812560611768
