   1   0.276912981428000000000000000000   0.843681134791000000000000000000
   2   0.432603499960000000000000000000  -0.096579040456000000000000000000
   3   0.809050062432052373223826911119  -0.006953237403917229986629674388
   4   0.672133200244416150659267482452  -0.394875419154744379716727707739
   5  -0.620286010852448172331140787483   0.427834750540143593314520332282
   6  -0.725846947943312474785058755198  -0.077741061327761287275485374626
   7  -0.435624053376317585512242031061  -0.558580668948196976167815776439
   8  -0.120984247851131316306488890243   0.677511446969905494103800999293
   9   0.180741498337708506338912083813  -0.644451265006143643370911162411
  10   0.490624522424003717391276947568   0.428541310275835159975555500481
  11  -0.086874996410000000000000000000  -0.000000000000000000000000000000
