   1  -0.010622903753000000000000000000   0.933224690703000000000000000000
   2  -0.165806390915112992754497339206  -0.890638497236501578098863033200
   3   0.770494856959000000000000000000  -0.434652193401000000000000000000
   4   0.843900413472000000000000000000  -0.195690607062000000000000000000
   5   0.582195988095848604096845777779  -0.621067062630309745808519334261
   6  -0.461377771135474673684377300881  -0.160950291312110945568938605499
   7  -0.755010663098263704778789937206  -0.330131025656164757390297757656
   8   0.580159418276226618052156961812   0.567949564820862257645885604105
   9  -0.650443502443594558944464951283   0.466557481120716280819666439848
  10   0.228784716977448495617735216394   0.755809240827094085264994383285
  11  -0.776625999128775876678182776618   0.065836560037512310261189703267
  12  -0.304721793461899833313190755300   0.199817765644115631034881044502
  13   0.740652190248925363248316452371   0.171262705074249512031897454452
  14  -0.052906235485411974822442308521  -0.212986159863933788248939943077
  15   0.454271106241658783010604864390  -0.235418186807159870074514559006
  16  -0.243344790266329622233475180024   0.692445736889761583023084077778
  17  -0.398777499299166516808808835497  -0.605402629793504845912740719787
  18   0.158604011608825492934945441063  -0.700081186579149362643987311443
  19   0.212560554946350834700002001629   0.255839600509325164348166131080
