   1  -0.845919640784766983211516507086   0.364162969870427588634880417987
   2  -0.789610613339553175569047773354  -0.409935812229527639654399373926
   3  -0.267516529078101280690720947498  -0.152164651795253243482933382232
   4   0.836383063199065137858117836841   0.092552375853047404703166637453
   5   0.701518338692369889702136440475   0.435245251575827376764060867514
   6   0.430859837741595857700594533548  -0.684554309325287874441359146949
   7   0.047620380796624885420821710399  -0.792182049409852635635256275114
   8  -0.163162743786517517613956407566   0.762091242570281148296540114637
   9  -0.553696714008158460139716492792   0.529284758379337592635576967822
  10   0.414337415136724436118360963241   0.127249956873553784540723836311
  11   0.674838154589766767636692999092  -0.306526292003781785640415235838
  12   0.316448842525154741333742083472   0.657595104161879086696126991671
  13   0.117931527927381509762672469644  -0.309630262731155675398717615533
  14  -0.111153096568664688599724019991   0.245164299307480878200700868120
  15  -0.407934511089864075819627315712  -0.566237158064825664122673789646
  16  -0.687970762467591353450512374746  -0.000000000000000000000000000000
