   1  -0.852537954008000000000000000000  -0.389741791172000000000000000000
   2  -0.423435034114987563964803925263  -0.818621877364353298458716565221
   3   0.416559461335000000000000000000  -0.798696416142000000000000000000
   4   0.583971249611000000000000000000  -0.667992565241000000000000000000
   5   0.202162092133817419078633940831  -0.852474789370134441989286526130
   6   0.784482277503784998015692345582   0.362336264465696481415384518883
   7   0.616970044100636644820400332110   0.589639829614800315364772246210
   8   0.453260640926072330445074282458  -0.126175912011571450112137329462
   9  -0.138753297617045979772932099233  -0.369296912545222767806492568870
  10  -0.809669134064000000000000000000  -0.156964356232000000000000000000
  11  -0.790911649880886855030254505260   0.201812413722677605795077029693
  12  -0.147538367115073926569573639546   0.794500051516093987785228130592
  13   0.705120048712554031621043830810  -0.378417576650433527121885735518
  14   0.791343022470597876691398316204   0.019398813730499499706611514963
  15   0.087411597292610058792267785765  -0.062965310064509939332884522021
  16  -0.129874748440526870666432686841  -0.757007218964963634097860435722
  17   0.266844822461439581186844566353   0.723960353533345442958806291175
  18   0.418001880351666338821792954769   0.263983387932604417229841602995
  19  -0.045856357003189377389586890135   0.373189113394773551409477321030
  20   0.271042030519392428151613587528  -0.487267632176912392209466239307
  21  -0.514077243357698640241843604154   0.540754921051374847792445161296
  22  -0.543478986902823410759673560091  -0.502436253977069124735440807043
  23  -0.389324531892957490470623253649   0.000001526313815242463788884373
