   1  -0.775888142503000000000000000000  -0.577553167483000000000000000000
   2  -0.398406687827000000000000000000   0.871924574390000000000000000000
   3   0.933681950121000000000000000000  -0.193253440028000000000000000000
   4   0.919533160260625122894858346758   0.224831191192839024076807685463
   5   0.677945854342232523779115891204  -0.651606368857173556452200154628
   6   0.287836376380000000000000000000  -0.540939098344000000000000000000
   7   0.752830248262137837431890136908  -0.544980769200650819211705869070
   8   0.567638359047148352575352595379  -0.729729612887044614609517601655
   9  -0.808278637760000000000000000000   0.439137412543000000000000000000
  10   0.273661322603000000000000000000   0.873622523926000000000000000000
  11  -0.705737126807900919005525313586   0.576828386544909425598771493701
  12  -0.784734398256676934136946203564  -0.455881456914444001432349767369
  13  -0.005403830827224049128220019996   0.662121567723016449351594337005
  14  -0.898831010233000000000000000000  -0.003964365349000000000000000000
  15   0.641908554029596505480209586950   0.626019568333470043640602114991
  16  -0.433870855513000000000000000000  -0.780591443020000000000000000000
  17  -0.037272021494382474535281982009   0.252782522968084631579607145022
  18   0.295528495198380146088815725786  -0.031121165929502571284993688469
  19   0.073581802608899076241743229462  -0.880593115256190042093022446066
  20   0.209716888339445233646255710084   0.676363002028490419730460548706
  21  -0.065996021409450431984327418674  -0.327373297249793610913561071033
  22   0.063651456994475444203730670907   0.872495171860892595430386857750
  23   0.446092388639487707748634202204   0.749257107167207062725225620435
  24   0.094174467450194954794005328124   0.454537807226394250805411781342
  25  -0.834484973725000000000000000000   0.226393557148000000000000000000
  26  -0.832091999461878336086312331374  -0.232294064776562621960982247429
  27  -0.610415261675754213003358284976  -0.607666249107354554173852295375
  28   0.210742378579635381890660556552   0.208802334254396116823247762284
  29  -0.569245906653297133648988352194  -0.328270221716449523174573537046
  30  -0.185802258467000000000000000000  -0.832865829296000000000000000000
  31   0.785586586414000990329838807564  -0.328225042301746316649955706828
  32  -0.208066911229973412445076993422   0.823129935259745706225043421134
  33   0.501745100365714441486067682439   0.138531708490799815531714662810
  34   0.526048928364016879889892336848  -0.169493965253133144480693803430
  35  -0.485758363172248078612909919264   0.687875885898421980913540276273
  36  -0.306619011035198047229923889484  -0.175422176209139331616307242297
  37  -0.288712294429688609769881133316   0.146566432391813610053856577528
  38   0.330578576242076784844570487313  -0.767289575030426196579649182052
  39   0.515730170685000000000000000000  -0.492240167735000000000000000000
  40   0.044038877905129581105466241607  -0.596988768078111965719070075619
  41   0.404869141873108449643102040663   0.453215914482405887812627697373
  42   0.228735205206431190787561330028  -0.309422650451456583411170200312
  43   0.739416910006207958284201663559   0.365269423991699448377794100517
  44  -0.552814731324654043653829267737   0.359718330294110292728017571403
  45   0.001526433984396264572972608210  -0.033687207891035445272906356353
  46  -0.216365203432371232047497445587   0.482224518752758282852412263349
  47  -0.299969919446199320175181638943  -0.523471156935363081421563097443
  48   0.815017842189960120115558972685   0.010682934504496875756379147212
  49  -0.607808837623008950465256650849   0.000029882524744677702190387079
