   1  -0.576686324341000000000000000000  -0.767992426691000000000000000000
   2  -0.136986905580000000000000000000   0.947436924581000000000000000000
   3  -0.916945310840000000000000000000  -0.227521302936000000000000000000
   4  -0.912680852459363798766856326571   0.228131478012107830698423137611
   5   0.812003151999000000000000000000  -0.423820109346000000000000000000
   6   0.419929285592000000000000000000   0.088386000810000000000000000000
   7   0.738575031000000000000000000000  -0.551229836330000000000000000000
   8   0.487064769986000000000000000000   0.774942203144000000000000000000
   9   0.327511125382000000000000000000   0.846934679417000000000000000000
  10   0.904948537409000000000000000000  -0.021252114449000000000000000000
  11   0.787513203950000000000000000000   0.436595459161000000000000000000
  12  -0.264579143699202262708334522400  -0.031385149459334557754747154324
  13   0.380715277163000000000000000000  -0.806659096874000000000000000000
  14  -0.622485340521328810242845414328  -0.634767238718381495857865471701
  15  -0.151213172391745947935733060956  -0.872273413350308197779341497477
  16   0.046246514372676813130787043309  -0.312528911341759165504022559908
  17   0.847206909789765755325195422391  -0.230009396934255590305128200518
  18   0.565689974930000000000000000000  -0.664669430168000000000000000000
  19  -0.565801460806000000000000000000   0.662019490345000000000000000000
  20   0.621650542183737922779667646483   0.605119888495101602413813260841
  21   0.839109037495000000000000000000   0.206524657657000000000000000000
  22  -0.206909139465547809383999944400  -0.265934127001381488045188657717
  23  -0.014711525771000000000000000000  -0.055074991218000000000000000000
  24  -0.480732724397382241150325313481  -0.169875801956147998846891804009
  25  -0.421137394788365527923810906920  -0.456960731184338146780086798546
  26  -0.389390721773463561744155905881  -0.754401782044222136268902318091
  27  -0.161883215779197807795885797164   0.203675004248903421890942922757
  28   0.117667772159041681497036195517  -0.835017085938363284411395059093
  29  -0.467559357178486683861384819422   0.134453022748920407609167947155
  30  -0.369256660269237000282609544395   0.442301349008172187567384637914
  31   0.589502057948382460375372658583  -0.356424751320042231998750476000
  32   0.067013220765295397642366790863   0.829743656891737661304058844755
  33   0.638872776013142628436903657662  -0.025013656282799354221755280460
  34  -0.040608628090261098390039857210   0.506945779473817929200604015799
  35   0.544544703884909238280198223164   0.307241137794597142697921532353
  36  -0.734849748784208484624852454828  -0.368975187866157685541614185664
  37  -0.276033630524000000000000000000   0.771867508355000000000000000000
  38   0.307975084513271398565139364924   0.575701284571385360487772966563
  39  -0.104850605288021408282633359257  -0.575690790143457112537593835120
  40   0.302173145172268175319915944102  -0.145131816307456122150114918676
  41  -0.715622904686162285719367955490   0.380179522530482495226956755042
  42   0.274090165768100621890639465288  -0.523380438131877899321129639989
  43   0.185948014212547173889209486809   0.218297505410705237968899020685
  44  -0.797170982603533823613782541423  -0.000007700966378083751007460698
