   1  -0.729372686984000000000000000000   0.592202222040000000000000000000
   2   0.549697299555000000000000000000   0.754616072849000000000000000000
   3  -0.879558436642357895957689249650  -0.288070436373107378293416836319
   4  -0.069959808719855503908255756482  -0.314561856600611688283846058701
   5   0.688227176931446754793443078797  -0.585924846977779944792486028798
   6   0.793158936275857360440877810303  -0.413956530959354736311311288016
   7  -0.270434536760000000000000000000   0.841762725943000000000000000000
   8  -0.036739913408323972623258203937   0.877623937823819416761735195124
   9   0.196196050974260785266756579724  -0.848631723678501146094173770806
  10  -0.416033521508911919635183401937  -0.757283710949322743504127277274
  11   0.838535059128000000000000000000   0.178397436531000000000000000000
  12  -0.097836441935686391404433516440   0.196297986078401916794409488676
  13  -0.750441815603662234251128507516   0.388367042175120625380354136974
  14  -0.231933698945459602856763383552  -0.500853924267001580621378323245
  15   0.451824605813876599839701112571  -0.700390725542917563797029802236
  16   0.816500133984981169273843871502  -0.137646766250124421171079204525
  17  -0.108270265149079118380635536264  -0.815573059833572222879610086012
  18  -0.499576298543773546490069901402   0.647205673672052727903329465073
  19  -0.423921429163657528598326187528   0.285206177734785252267940282727
  20   0.515825229290052763242739556266   0.067968721725832804858970267743
  21   0.222027784801117443200580863482   0.328124771303504536404858513820
  22   0.130238541848559251952146563757  -0.521115815922386205535606564724
  23   0.490730356012245547778608502067  -0.329713777282310287698811762795
  24  -0.117423604023202245169379187333   0.555332264261716298024669971457
  25   0.269245024252835333174457747081   0.737410140155540463450448247351
  26   0.135289607489439437127351953861  -0.088659088435740264490351861178
  27   0.617423275013617257887851509231   0.471046872890999574443847380426
  28  -0.310928556249719112614685926302  -0.114028096143440801829809877091
  29  -0.621314128078230798772499118006  -0.452227197281305624058380057517
  30  -0.760174835575200304436815056431  -0.002022922017218893744795588214
