   1   0.957265867232000000000000000000  -0.031631207195000000000000000000
   2   0.863400009751000000000000000000  -0.390502748463000000000000000000
   3  -0.715623323586000000000000000000   0.620886934661000000000000000000
   4  -0.909367498208541920659952401980   0.235687438914105670752644708540
   5  -0.228214649147000000000000000000  -0.176310680572000000000000000000
   6  -0.573067704830000000000000000000   0.163078035850000000000000000000
   7  -0.796452607944000000000000000000  -0.459842626114000000000000000000
   8  -0.100454528424863657007177610906   0.908782681326124431705011046308
   9   0.064556019048000000000000000000  -0.901311021583000000000000000000
  10  -0.854861092001000000000000000000  -0.293407858007000000000000000000
  11  -0.278744751561981374751511909948   0.855250438259149387565147834048
  12  -0.379726368294000000000000000000  -0.808499376384000000000000000000
  13   0.672845016805803506253905441944   0.583748114059823727885702151796
  14   0.512765601974000000000000000000  -0.720923415303000000000000000000
  15   0.875308593852000000000000000000   0.094319086566000000000000000000
  16  -0.024026173685984434617398245867   0.343304845116494691511760154710
  17   0.522549388045249247681801542497  -0.241155992811594240558892135105
  18  -0.151372577990394688629410086435  -0.858229591062890355454563214224
  19  -0.626497513271861248638945567957  -0.280651157956176681618854903500
  20  -0.363186775091442353890918984408  -0.346715573242545961921296918086
  21   0.277961605890000000000000000000  -0.815053228114000000000000000000
  22   0.038558787342583324723806401060  -0.665469530877290509080202479408
  23  -0.241150301035439891599857305106  -0.599562135644357556676203251052
  24   0.471776247664000000000000000000   0.408676860637000000000000000000
  25   0.775603058072763123761881569776   0.344165117667432893924419170334
  26   0.187563654099375035383962462567   0.525870339788298519242432442738
  27   0.130340193000881122942276250394   0.832449605590108561897234822067
  28   0.438178467782892003211964550409   0.716310890216521589666680536947
  29   0.227511098238668064747559968888   0.210792873407448376692028902876
  30   0.674763423387370109074810270245  -0.490284660110684372847683702762
  31   0.810600266699703155828735590679  -0.184510673884152201821028177482
  32   0.250913547800010742530734822379  -0.122885846056478726766129749351
  33  -0.431396426499211409184797478750  -0.044828698384433321462055228356
  34  -0.129313934221861933910138249476   0.621883423470882057258814887524
  35  -0.482685987968853532221204188388   0.663851444997214253930423044054
  36  -0.568018918988452700523821190530  -0.588958625939558386377683097631
  37  -0.714376572305304759496165761080   0.383780333280289411877520226530
  38  -0.033486235091842900765305318963  -0.340499003221484107610076285399
  39  -0.076617447654391409899350016959   0.032939592765952802223365169023
  40   0.317342905815946089668062120600  -0.482108976356161278277480700891
  41   0.558113980341311680276530468224   0.075789431704029024225074099103
  42  -0.340190487092744047721259005338   0.314262067887958210512405040460
  43  -0.801354034856427680163791931560   0.000029769542153647382077783457
