   1   0.895224098352542737100504099433   0.072897657926614080300894507383
   2  -0.227033206485250490392921765901  -0.320476710562236395602964004145
   3   0.150965220311668869511156614172  -0.397065859492149860758147431690
   4   0.366063609006675844041485277242  -0.708262876909649694316214964586
   5  -0.528021232027689132828840566471  -0.565021415492802004863274296686
   6  -0.089070774996987771600567480059  -0.746411311657024261447446803212
   7   0.193992855156475989368977106507   0.705632299425704793854509436905
   8   0.620883116785087359911912632011   0.351134291774820021216090285910
   9  -0.366774034526387393243807646370   0.591404947279172281626513646724
  10   0.629360722033782071638920743362  -0.256055416834617905699449057519
  11   0.048931198447979025997261260520   0.104419216243544592996587844523
  12  -0.648860705143641924809717041721  -0.000000000000000000000000000000
