   1   0.479246929133513701481040234253   0.737140714086066530228751600274
   2   0.800027722290656233860906387785  -0.219843504108248706355541213948
   3  -0.781765846908040447247657177314   0.093163698290269002090735401602
   4  -0.673500270351836582863984382324  -0.346108891919538295855870735014
   5  -0.520657363843163739304068691648   0.512687286073517748242011029666
   6  -0.227047522039187591044874589162  -0.667442946189220861622581159935
   7   0.042954592969046536282740458994   0.680012607709664173743601302042
   8   0.393361033710743020739985580955  -0.529181660079646647504553447105
   9   0.581283062358446278266302817319   0.264677750360810769549858525289
  10  -0.120879140055017061305321685827  -0.000000000000000000000000000000
