   1  -0.079300531396000000000000000000  -0.951661671814000000000000000000
   2  -0.436350546296000000000000000000  -0.845571152827000000000000000000
   3  -0.925674954340370089013279628266  -0.212840232096899779136838077606
   4  -0.914074664409218088586877362534   0.227944442091456433564070090356
   5  -0.185189564411000000000000000000   0.054301523219000000000000000000
   6   0.923468828736000000000000000000  -0.092060436521000000000000000000
   7   0.918416381020000000000000000000   0.056477015022000000000000000000
   8  -0.208813204784000000000000000000   0.893626606339000000000000000000
   9  -0.020478686096675337647069253202   0.912871566081687856935298310202
  10  -0.718174309308445542797135229508  -0.556253023642763082895974509380
  11  -0.569102227596965630017886211443  -0.442247025520077375599865093122
  12   0.758588269568240847339027086485  -0.483661318860013758463387489070
  13  -0.039938336987000000000000000000  -0.304459232496000000000000000000
  14   0.335678546085000000000000000000  -0.524846866053000000000000000000
  15  -0.601035493236000000000000000000   0.653369565575000000000000000000
  16   0.737764800719464742422086153134   0.487234821430858567103530471727
  17   0.050764101688700451424305278939  -0.879104603941157225553928422956
  18   0.201497032149883602439425481314   0.197515105846702876584248649154
  19   0.831287642745088034226884682450  -0.269036695078261684313002754726
  20  -0.251732153606259871272948787710  -0.137079272456065042267828191602
  21  -0.388397566216000000000000000000   0.775063071689000000000000000000
  22   0.826659646526189552550443509313   0.251724548377386069707851112642
  23  -0.780857456804162199880356750856  -0.334422615141174139554293464811
  24  -0.519931051730000000000000000000  -0.681512901462000000000000000000
  25   0.568660293570376047733827494667  -0.638701049211445652578516644985
  26   0.215509499996338955240640043448  -0.295082490646725098164284244648
  27  -0.524696536842907926006084534207  -0.199695091430077686978998520739
  28   0.310486968456491087754022898555  -0.787744283338433264997323537878
  29   0.363179404177896065902684708995  -0.029715343494554813917476990964
  30   0.205139054044272008385972101037   0.815953352462083712656233734103
  31  -0.385725876965910355964501258415   0.480424463369465566776157154551
  32   0.202828705179000000000000000000   0.486947372894000000000000000000
  33   0.685248746758150631725245761801  -0.015418510562045870556809040773
  34   0.029973789661868704554523781310  -0.038543477065180358488989004576
  35  -0.228090675207989517849879247169  -0.796622773595880046900058742325
  36   0.535897672214622966990048906486  -0.321761123409877861314876121595
  37   0.499021926004489707145588319817   0.655463237052215158575501101948
  38  -0.096254889755538350402024621184   0.658457907035009149990789786332
  39   0.049712086066449466838923180076  -0.578781327049820120251226768698
  40  -0.289882453632922488538484418521  -0.447483321018828814522672763838
  41  -0.091236385314188858400985196236   0.294458000261181802544763150601
  42  -0.719212596294171175230610670647   0.377528178040267233514748371348
  43   0.500558983752316654999762001248   0.289327193403791542530049275817
  44  -0.431126389269517397873024940680   0.129935035279049802288343209750
  45  -0.805688444606675406092869704145   0.000173756816805584044975617651
