   1  -0.910721757444000000000000000000   0.270722303259000000000000000000
   2  -0.876467898970000000000000000000  -0.300564982362000000000000000000
   3  -0.159304437000664953864957508314   0.900656287929422543145796356364
   4  -0.114703796251000000000000000000   0.498759435755000000000000000000
   5   0.689721755577148990616206616660   0.562157295103255076561675082588
   6   0.507417701121000000000000000000   0.717853463879000000000000000000
   7  -0.148591101951244038713321687192  -0.856815800224473583446148623395
   8  -0.409559536015225795428451631904  -0.756899165563218964938471326294
   9   0.851637010359574689940374744358  -0.029443213122774445727178424707
  10   0.506533266713986614153027466070  -0.675285061311623830930855224549
  11  -0.366504177030706942756048404395  -0.166884521107461488773863464163
  12   0.439912245312975685563940727502   0.433636467845721133160245204892
  13   0.770977872912135209527151166514   0.285959260913966471594532089850
  14  -0.691796999851988286259766912057   0.431983298022663683028979448313
  15   0.101706304669219775424670059068   0.305668490300170208813971117873
  16   0.170853417737305894310861769611  -0.784471189358413709378005580038
  17   0.278787199521000000000000000000  -0.394933560174000000000000000000
  18   0.007554108336135898904984430850  -0.083068454350300754002946834550
  19   0.698662155000678534082626534249  -0.358284259736150724589980508485
  20  -0.374707427808988034166564578057   0.683635893701770803276361069784
  21  -0.622535444994442869461402683326  -0.460169871750644556060606779281
  22  -0.147144769837514577538245629274  -0.495257706602680704520437359286
  23  -0.318832985386011074739892968236   0.230296962973305504855102057516
  24   0.445792000354692448713007379973   0.021506244773849426709490563768
  25   0.132045435369750441822170389936   0.741917344356840722351691290354
  26  -0.748696218658245702200089911330   0.000004154128085297190779446814
