   1   0.947710289154000000000000000000   0.154693716849000000000000000000
   2  -0.932121809574000000000000000000   0.211427859279000000000000000000
   3  -0.912758263275000000000000000000  -0.228600544919000000000000000000
   4   0.469273112275911297797892142532  -0.508714961111364102299245337810
   5  -0.284092218049190458114149366898   0.071396176166435183374000213110
   6   0.147963873353000000000000000000   0.300226333521000000000000000000
   7  -0.328958247152000000000000000000   0.854144277368000000000000000000
   8   0.864242935902000000000000000000  -0.280866123142000000000000000000
   9  -0.486224686959781919566123013233   0.765708948908328300576653278102
  10   0.339673722057317704361688929032  -0.835613449949723028721811206261
  11   0.687332679746445710838013755878  -0.202778666310922237076870892809
  12  -0.140408724716558826485407297889  -0.881549231222926443440380009906
  13  -0.190165980991473271877581539893  -0.311376681064603072202229979851
  14  -0.600134795199017865550259608714  -0.649154387835123474199747724470
  15   0.169545077466982271473615091866   0.863504046284968655329815261247
  16   0.520248713409000000000000000000  -0.701708072244000000000000000000
  17   0.670706176941412600156203056856   0.557635762824237696939622820198
  18  -0.802075991226000000000000000000   0.333167034779000000000000000000
  19  -0.117423601909987606072617291582  -0.075553660473113038251717700945
  20   0.103630096333330146554069198422  -0.851245997613861568560370220607
  21   0.857581364653936153527168568070  -0.026922197252303040545963991651
  22  -0.367839259041044237792059524096  -0.771454427300670867532067915825
  23  -0.098475787083718905919158884246   0.845681656850388303728270163031
  24  -0.396201513329702012800111545036  -0.475673165327489742379794722760
  25  -0.629709268756836193645230452401   0.563567821186196759749317764525
  26   0.079554161267422977185001794836  -0.310823880325186900088604775641
  27   0.558635002605855983437194075076   0.027472548174232385373280638111
  28   0.691774520228991203243926643024  -0.469473983752445005455761043635
  29   0.253576893711289900783410889561  -0.585146140947537795965179258272
  30   0.419287205871960195257177149362   0.716635656265714529438404193759
  31   0.779471655339160642463946916595   0.277743791621588654187510529898
  32   0.411280683442728046436643517161  -0.278655587431289590601695017618
  33  -0.090946747295394427882821871280  -0.600528287568379955757416850913
  34  -0.108974955474938165468216601736   0.249768515383724313054747028371
  35  -0.724483112391628213810973586479  -0.376956994101886454660861437397
  36  -0.287718572245524690393865889890   0.569835171227972027869329776852
  37  -0.434963634651891224821235200204  -0.137606742714690836410520111621
  38   0.092747473859995886431221528912   0.562020632799738348155709313466
  39   0.419182350201876969808687418887   0.353409668995392003008899960677
  40  -0.485987351281948418594436302824   0.243446755072688485001756117133
  41   0.199222064024892120043022257858   0.029040100266095984385863083949
  42  -0.799187098410614750267243245571  -0.000161952745959589996043728012
