   1  -0.909382310512897484352025786385  -0.283312752529785548360364262703
   2  -0.533712001000900522356396776159   0.765045801045680894609356023362
   3   0.198986175397592660802854322865  -0.895882617065676594645473962912
   4   0.228284355840245974544762793206   0.875719828508261631616645287829
   5   0.006831557611617925462145845899   0.893744869817245320114176176386
   6   0.870800340522161345724562632070   0.150040554999001379741846701180
   7   0.621424819880007184235638081041   0.099440499753034457388143322127
   8  -0.858862406190581288204707731450  -0.108026524863667715053408853524
   9  -0.840804724999679243206475057790   0.168276045463515728992421707140
  10   0.717873167195325831957422554088  -0.454715029039421795523942334260
  11  -0.467656512727166020564415056795  -0.700712005321773265193607038910
  12   0.080563797376087474051394429114  -0.425592289721697207509722794955
  13   0.097238055500601178232454939852   0.631365372833894065012764272796
  14   0.810605941312132108531470270403  -0.137857168507995876669450068767
  15   0.448983156568570894287340959851   0.681380815678495875832097220763
  16   0.701289089732994290279161747390   0.405275027901921837155654370361
  17  -0.278643075801640746310137926719  -0.395731113461922767542658507366
  18  -0.265386384642509369927924809726   0.750118132579697475252796740116
  19  -0.681483488316629167350850940478  -0.405345265961623747399808784996
  20  -0.021728433961691602348552981328  -0.062706756320833366212494999412
  21  -0.164081354643409911443761842140   0.343218901444225855041926119227
  22  -0.093905954549231687937764998681  -0.771477921858897544310823826478
  23   0.400488379533281202859608380770  -0.660145498651599937534161535782
  24   0.404113060334655673391223660134  -0.195011569284930745420613780831
  25  -0.601896848652995103753922625459   0.468051902096208035220317152909
  26   0.291897114616156051654716137249   0.266517809570916902663559949402
  27  -0.477155664097175918017855324248  -0.000000000000000000000000000000
