   1   0.841617429648699722271227904911  -0.329074094693087070382066057113
   2   0.250123485084384384348839988680  -0.137335419173073937111241713322
   3  -0.284576904306052408085872855968  -0.786519194877981541187626217277
   4   0.067216500418523765691067928638  -0.808322837696706673074621569307
   5  -0.570729848428219130780463944269  -0.544518753571808441754034821553
   6  -0.054649496222458157946219695707   0.766716121880122712795574824385
   7  -0.492080706959615866522455552252   0.566166976805952388079580503713
   8   0.416233774149659240190410049123   0.603201772114081136353176135477
   9  -0.107690798765327857700824677667  -0.369017976289453834133328390671
  10   0.464392712576027190566611038649  -0.525567717735301735347639433563
  11  -0.022823820389233045618958072044   0.222265233373072255050566357268
  12   0.669628041375246869786959646925   0.065641462711375632812103660990
  13  -0.659478639259306160014057970645  -0.000000000000000000000000000000
