   1   0.454694802548807681801608985500   0.826872499375640602433228477014
   2  -0.504917538926145070471775356242   0.774066479621961025340180964157
   3   0.481044581071321100182111490561   0.322487912819205015323215582911
   4  -0.853673802879190967618117339393   0.277584475894251696231395622229
   5  -0.883356195841114362993083588492   0.062888987590031996365578694116
   6  -0.856908590540807376299786469990  -0.175383379637215818852525422355
   7   0.238625923863980399581077962221  -0.829444180907917652175585763866
   8   0.489621052068637724821455014627  -0.701271733193199888275508425901
   9  -0.449719450684784219220391201007  -0.715436664828900105085354677947
  10   0.836806596880521262121210989374  -0.048357149512858424097505209145
  11  -0.235366169299175577357512994599   0.317645578516364046068516132744
  12   0.228083460547036322935376728096   0.790513613770721633670000546941
  13   0.760069901325418120362875978113   0.289308844163995128921412129523
  14   0.542866767259595598292627181639   0.596128165036218388566720674567
  15  -0.670492435588669136909256652972  -0.439757356246319872134020668075
  16  -0.098671623267813046821566533081  -0.786429447838735848952427079525
  17  -0.263518788451978701161949943910  -0.397920667788520185945479533531
  18   0.677626922266892077842761037295  -0.392167068879489208254058334577
  19  -0.040349379874473422633644109576  -0.025718835057723138105687499492
  20  -0.597557391631515559103431250441   0.487493518761436710433691387334
  21   0.163322026771214130337802838656   0.383932267066476667251635117277
  22   0.437567578933548500435984302145  -0.003227909449839134849450116234
  23  -0.190216444717442556087465114886   0.730254982427484640356399600785
  24   0.196528381897497965925131746392  -0.435913186477804037623250933430
  25  -0.518504509227692717507689253421  -0.000000000000000000000000000000
