   1   0.230748304188000000000000000000  -0.919695119699000000000000000000
   2  -0.930753808913000000000000000000   0.213447711789000000000000000000
   3  -0.909982526950000000000000000000  -0.238323235790000000000000000000
   4  -0.296216316244474811589182463665   0.114228808107617063083031061821
   5   0.282536641384000000000000000000   0.237485744005000000000000000000
   6   0.738573296434957044898467907737  -0.551745907463006784615938983696
   7   0.624873364717000000000000000000  -0.668788449390000000000000000000
   8  -0.223051027598590370482038524805   0.248882229590788132565875033482
   9  -0.425850699156276116351294660659  -0.797258023263952665221860033607
  10   0.070994956142000000000000000000   0.896270875877000000000000000000
  11  -0.595055560677219928466724550568  -0.668176581556082308892979325929
  12   0.538719763322167503738709546106   0.708504071418002883369775359106
  13  -0.421917416692904648243785862441   0.778595672350027232537896077735
  14   0.079410282690113344143097616204  -0.877660100629093420826190051673
  15   0.839123552173085249553108963707   0.255217666250914593060954985784
  16   0.552305887520720854060318454990  -0.466856617012353689513096067557
  17  -0.799686375601000000000000000000   0.336481268082000000000000000000
  18  -0.113273986014514054975665993224   0.038146635668730640033927462376
  19   0.788849978618000000000000000000  -0.341298161997000000000000000000
  20   0.296924243062705516085616946456   0.805049445030488052919448539895
  21  -0.168850478618939947109545493928   0.837708227629678212170364112684
  22  -0.184109184669485317905610041447  -0.830982148030544084328582217908
  23   0.053536156220490151188918348813   0.639860278763799195609048867388
  24   0.688347690303862875357972751319   0.489265403281105220258817718958
  25   0.538219530186352147518312886958  -0.179759781055128210866945816184
  26   0.022271684319659167015711237462  -0.594739840072278835703463507105
  27  -0.609124875429905562225319935222   0.571251608955899376561781355209
  28   0.831295915020042812940003797079  -0.035544335138659597998788183844
  29   0.270112561772324997398049307372  -0.371492255402269681029608491555
  30  -0.057893205573647673100907683510  -0.265335989924699624868018393131
  31   0.035993817413924288393045354727   0.311403061162581041447184948296
  32  -0.501701325747537143688939208697   0.243972138876838154744925223845
  33   0.350169250344383665934745353102   0.485187781771789739241480613646
  34  -0.262791903242423228572850665651   0.520829808576438281197612361899
  35   0.538672771616770501396817591118   0.166700288444743695482807738406
  36   0.207332056609967469528861911366  -0.015639335007548862549829294818
  37   0.351939079716677300500860409485  -0.726150352501526200410731419851
  38  -0.704626007960346601856972533900  -0.387920066075602010005146425294
  39  -0.331939074963429425939246299522  -0.516965136366251651257171716894
  40  -0.407733790118371869597169814506  -0.125292263095089720911224717256
  41  -0.796774208541300264668277963074   0.000165186035350278364563094946
