   1  -0.632580843563000000000000000000  -0.709183640449000000000000000000
   2   0.853730719693000000000000000000  -0.410754975015000000000000000000
   3  -0.111229960964000000000000000000   0.928692198503000000000000000000
   4  -0.502272014864000000000000000000   0.070575082267000000000000000000
   5  -0.268104908236000000000000000000  -0.876487532193000000000000000000
   6  -0.204949245194000000000000000000  -0.704849063243000000000000000000
   7   0.851623625962122127681982555432   0.297622243297168088731394058925
   8   0.889908904943108078782694399115   0.098780770004426700792259189752
   9   0.490555560685000000000000000000  -0.741237893289000000000000000000
  10  -0.768029129530000000000000000000   0.430675809760000000000000000000
  11  -0.620027807267433828342592015059   0.620683822219360781954682066131
  12  -0.057344544860912946961850797933  -0.869717074747725732471252677052
  13  -0.833253201297766603900233932180  -0.237971990344115744449784683368
  14   0.473208474213119151986386972803   0.720011846004781127476686266451
  15  -0.442700455780000000000000000000  -0.732767698698000000000000000000
  16   0.015520049844485365165676351347  -0.603368168870791566476128812855
  17   0.227432653985089732263913863406  -0.816396084997870237012024665503
  18  -0.548718200553859506841668239862  -0.178155658198433064440908517751
  19   0.324392605090208873683978006554  -0.517998456877033606250055954680
  20   0.674085586891310799746349416806   0.492056891808913044046781626536
  21   0.655256521582000000000000000000  -0.510144225816000000000000000000
  22   0.430331380514265868667035811280  -0.200463947224498773720610537788
  23  -0.657527492667208415836724456196  -0.494293884458530092906431432503
  24   0.332554302852000000000000000000   0.431273410255000000000000000000
  25   0.076711874859205365365734827243  -0.276123887346169967828132786988
  26   0.791722770540446083142936773422  -0.177534690520617562396686408265
  27   0.197173831361687439073982159120   0.081284425085985794216907937504
  28   0.580125899895878651587259006757   0.143329373704943384124821355115
  29  -0.455014096589975842580780381110   0.344313398903360996875094646864
  30  -0.284466613111216313606634497269  -0.421965942459048858245608033905
  31  -0.052598751176236137923438401830   0.391363242678896594114013935474
  32  -0.784095179142223930084905862625   0.102365710883527452406314133459
  33  -0.302224254796836479739026469175   0.727202867481234824612072344869
  34   0.123336266846530973168620240769   0.774550702247028691987818899252
  35  -0.217877361721000443312047865428   0.000039673827519485540895578721
