5 0.494543344330826164987430700191
6 0.457766152975543725896857871072
7 0.437359195985677791666399930707
8 0.417525212693440511396933620366
9 0.396877769095830557184664994362
10 0.380838176730934890501854004978
11 0.365584079680028318043981250480
12 0.351139294856358075190282958279
13 0.340521360740693839985942029355
14 0.329226992036486149838512132232
15 0.320958643540695773711445805821
16 0.312029237532408646549487625254
17 0.303850035311780543215753833265
18 0.296239267558937331725442215656
19 0.289909994669866366802458496248
20 0.283202939096156653144592612187
21 0.277066338318439745744292414636
22 0.271348319621250663505992517388
23 0.265697255130495150463644942363
24 0.260749430051236985140932681022
25 0.255824061348316715623231909063
26 0.251303781330229743702489689655
27 0.246853938048292175553818363971
28 0.242761490651579104097711740422
29 0.238837957153441648839483687567
30 0.235491675882987112037923013417
31 0.231630460370033787600661263943
32 0.228264554436884147357493155902
33 0.224881347176653416065996984168
34 0.221670493172500484060441121314
35 0.218839928911689172789270423271
36 0.215983054875795427214055198562
37 0.213256125793941972222585450554
38 0.210532132642538278057238598404
39 0.207989733713647901661715670723
40 0.205621450745453726164977629595
41 0.203225774335639218915772945460
42 0.200812885179778721587670003518
43 0.198645964590617195643935709047
44 0.196475209523522788639057766194
45 0.194311536656906542078845337743
46 0.192437692271807730415081217858
47 0.190474491133079663302240836829
48 0.188470574277873397402480403557
49 0.186828386188994598893524124047
50 0.184837603102815068182878445090
51 0.183171369023922940477678779650
52 0.181443019102558470864346376678
53 0.179801594382656393662743462567
54 0.178206008184517925857220002162
55 0.176648860670428038406383380694
56 0.175133045703190099890031083106
57 0.173556194429120887846667384787
58 0.172217052158318890983072517578
59 0.170758308726895401499875078247
60 0.169473802703323335301807625638
61 0.168064732480736637837007004562
62 0.166856335797149260326438581546
63 0.165496037411048899665155700006
64 0.164253152263571931982028225060
65 0.163129455448288754598257228360
66 0.161873998425335905501686408602
67 0.160800624698357688417089114680
68 0.159659100017572435358223863691
69 0.158393427977466926594870591901
70 0.157324768747260129643035063917
71 0.156227952068706937252094539404
72 0.155246749285342109724994757145
73 0.154145462005684347979334181257
74 0.153121348771001963668726383206
75 0.152249822965297142777345420175
76 0.151211815933788861417795353606
77 0.150200530438017201636200874934
78 0.149317198387173352572415203704
79 0.148462023534300718623471272709
80 0.147513552392400361670283164128
81 0.146625973913041750342316719638
82 0.145807514583589209058610151747
83 0.144882078271786006307800989878
84 0.144060147861496874449782223823
85 0.143220767724532565613589997072
86 0.142444205096573789556243332890
87 0.141634853218153793398559568101
88 0.141018867506823229515311177403
89 0.140091849673192369740059823651
90 0.139342318838405204265428742251
91 0.138577569107488247331914621787
92 0.137837569370442721543429591354
93 0.137147904510955308969024026636
94 0.136496243930316092976901225024
95 0.135703805880770751092694067425
96 0.135059209627811166179655567131
97 0.134360497832590000256288313280
98 0.133661456959656730309112689819
99 0.133018165021634478951199593509
100 0.132367940023074167893339697853
