   1   0.089980437392676692029928966740   0.109976479717036329398731464845
   2  -0.107449917141183647538214145773   0.840561830750505115300345078105
   3  -0.051630813470548129895596941467  -0.533173039766775304008957235042
   4   0.839529791237589864002506769505  -0.093298648317999422409107034521
   5  -0.413093933618342157669604060261   0.323763640529539092470526423400
   6   0.250552997828958538734038875788  -0.454308200168016775280297712685
   7  -0.177535819775273726493976512833  -0.820856145933823252738408676201
   8  -0.707548535412003653623669097538   0.448719858417749334532546300769
   9  -0.704966811142371689530802739585  -0.449385842147138487411209633510
  10  -0.474510701323980490804972042989  -0.685717104340807674394269052453
  11   0.502407858736981697851142322915  -0.662654354867254641550604266689
  12   0.562139745142164697064738443652   0.609382543327047518378149463588
  13   0.722588250567823143635463146848  -0.400809363474428795396941991928
  14   0.020505025118165738376404918433  -0.210532165987031000564225994448
  15  -0.237248700433582736203640803997   0.036314021704628777475148321168
  16   0.341951731589197938067273130225   0.331025592461842578557238884676
  17   0.170490154275194847778171205571  -0.793525556547349633289632609758
  18   0.235702311157860903199114344842   0.771326232691772635938028823094
  19  -0.422349413296181681338209705841   0.679989954644636696843322667017
  20  -0.352037446344923187867456341826  -0.333350642824290764633971216898
  21   0.737753169939284697319926911287   0.264172723220380300010482748879
  22  -0.052883394566795983133929659208   0.462529703274924890343737565944
  23   0.435374914249801994596957808730  -0.091295671832629662134668575523
  24  -0.714490488062301708842911351126   0.000004919569812082794697343774
