   1  -0.825512328952681405101673562456   0.296008894855693519905511684826
   2   0.058610389191938067457865490930   0.874321472449637497710608530133
   3   0.748946865758721507456064870909  -0.453532415579412564228289918925
   4  -0.493962445232272038759645459857   0.722017879032755699732785159521
   5  -0.540007593625856652610582066078  -0.292789475550631617211743134259
   6   0.077389939352985377575052860391  -0.009423539710549410135431759220
   7   0.789724145416202042548728187774   0.370722617959437850758358707804
   8  -0.576097065005574752098582954570   0.263324061316821489232405954303
   9   0.127401435574110306502801770901  -0.601661644935974843903555418024
  10  -0.776010806785279878264408760962  -0.392648979517663978850740567533
  11  -0.287768213259517502814929428450  -0.819657947316286841690875042184
  12  -0.298450788254930878270986398683  -0.384221164552892616143883103054
  13   0.311588229787031851852582056945  -0.414241706118900397988892547953
  14   0.274564006779382258436791682940  -0.820738915758573519479639194004
  15  -0.137700304098366555780264616167  -0.598762234037353197550311290220
  16   0.549107930499435446377773612792  -0.284933824515932680095234395191
  17   0.530872754989586821411054289475   0.309654557193736972422625313816
  18   0.853021903444940726366454884225   0.110938667503448844009796039750
  19   0.311778252796170130311899291000  -0.139514573691275773929665089611
  20   0.281028979759367342657286180017   0.438939884823883447210783893391
  21   0.299504851181972192493482304801   0.146601477484785811061945952268
  22  -0.676309845649640371396198109045   0.520539145343841538976996392838
  23  -0.007082340759320462008990657046  -0.851363051724629944101091194516
  24   0.613971433252139750097142157177   0.586643020138499796543079634260
  25   0.020617082342093673689097287317   0.598842233598582915030595353328
  26   0.823901565062500746288678525243  -0.183360028303851725408509642066
  27   0.571360273154170022055888177816   0.011387170902540750734964726782
  28  -0.219720024044296232805609041046   0.808343050713563297919267898407
  29   0.017448647790712508887424806938   0.277331106756218296040145626524
  30   0.523098205565396530898619916379  -0.643517746232985659039528863349
  31   0.333011623344380521826216163147   0.753667157020693170427018384333
  32   0.008663594822370781952601636895  -0.312795249014347627275852794325
  33  -0.532045332023784037080379283328  -0.609552808479831502844418915848
  34  -0.305783990369507542806764658755   0.454104310526311866128266968056
  35  -0.778397756054143929161078585250  -0.043052336462590905167477390442
  36  -0.301155584009424359974579759841   0.000004561987526067581150606273
