   1   0.243908553411449723661657731969  -0.460528276591082706354360837169
   2  -0.179338838248479347671189819853   0.522939115030570674585671652615
   3   0.120701638602426787017528234264   0.525335382723584501098765686134
   4  -0.285267148667757807996376243601   0.034977426004690595483117714645
   5  -0.094764267027046164388972723973  -0.841249534060083437177213425101
   6  -0.172887405087723351545665530896   0.827191586440846814709713887555
   7   0.138541557313842354104428352510   0.832012387188735794452455805603
   8   0.769376265103939136958005336702  -0.341512150600621084194146636230
   9  -0.413298118909935839966891383595   0.320415309510871609101251843227
  10  -0.710697049987865175124730523060   0.444009611194699613280148042005
  11  -0.044558888041690366286918069760   0.239894018789323482400459123993
  12   0.728108702373507882456046048265   0.405909852742626693117666619206
  13  -0.067491063881391194153910297786  -0.520100831027083471039370620872
  14  -0.693557214047938735502653553669  -0.453017501956136975772488818172
  15  -0.468576271916708338724081322339   0.679386200374786675023308763844
  16   0.232411460737304342602497952860  -0.788488174681679454660334550417
  17   0.456188117108740372391724526915  -0.207164368138642961040708047034
  18   0.546022595677207233824057479246  -0.603572692168726582126141304318
  19  -0.356441680908835483632865156292  -0.305362172538705409536757104177
  20  -0.410893911509793785410917361730  -0.689773718349635819030259758709
  21   0.452685514956361432975316988468   0.654214169714313313194035010327
  22   0.785654860767414164364568394062   0.030132776523955844375002453630
  23   0.050403282119710927944100281069  -0.139778413636075529792859800673
  24   0.364207058672490794871202960480   0.212775419404089942695153768248
  25  -0.717932093013587874729516842308  -0.000004823944684815176601982285
