   1  -0.883572727689838675086891945019  -0.098902307786972602325502180196
   2  -0.250197515332491523682231663350   0.175529408962117122689615606541
   3   0.312083622303771636752965284910   0.584041837419714763156685003040
   4   0.859925827390570595239096213677   0.219561690646128252184884989927
   5  -0.878106269314421293534088945308   0.124983822444507879898384271307
   6  -0.234557895931030001701064654410   0.594421513914343992277093118241
   7  -0.535725906645050529247625449742  -0.350297326214027299100709652307
   8   0.156638816177454715832578256614  -0.871210531827525696098628770933
   9   0.357661884290993587730942000173  -0.518342400248251220420358629662
  10  -0.201230396098051761012076689415  -0.046662451413609708108746004710
  11  -0.471564508112125923996154324680  -0.746796240383587619555193432820
  12   0.506544395459362226118494873225  -0.007673906952353186832436889033
  13   0.343869580256276035715003500720   0.811985114711156373829205457701
  14   0.208698855823706180236218486268   0.377578230702599808113818210526
  15   0.113849163670241822931215271618   0.872868051156921322698364809407
  16   0.789382102486472609843812486140  -0.387688875676790408374314212923
  17   0.626892356409391619192740690380   0.199170529573789648272926368289
  18  -0.136641821747993030184118533454   0.379796133648406329558863881670
  19  -0.626745993242539193760122698444   0.613140641656597099279840475375
  20  -0.010822033084223654420189361383  -0.193234132852676359728867060652
  21   0.145248449326469303758447985809  -0.631457544733968638370791378097
  22   0.340514069862350567326749790459   0.170787911039438816027657993776
  23   0.158617806725546307052700028286  -0.379207022202097375585459358819
  24  -0.366098865008717357674278554304  -0.524018890557578227330088345973
  25   0.463450605389577433223972263595   0.395482084335627196089190567953
  26  -0.303159055285225093225070375843  -0.271974506813190218849769970955
  27  -0.417477345785109050101592153453   0.760304923916016952461505832039
  28  -0.650762163263523784147127368012  -0.571150085906453528877073418399
  29  -0.096922821145486572311276380593  -0.442287162506733417608950921855
  30   0.388118740553647223959939085984  -0.770174397312961014575015648123
  31   0.552035165397794290556633783432   0.660148262340089126443398839951
  32  -0.790935299983848312718880739027  -0.333736957958675754534181079070
  33   0.733092312919532767938210377179   0.442287654740014756807430056904
  34  -0.150237985341366330568106095319   0.840329944127097439781743268565
  35   0.612113550101682757778888607419  -0.590967285084635867125213429565
  36   0.254853925801229405839246665354  -0.116541989402629692925450429830
  37  -0.760175640380313113227701939414   0.366769947227154781804542072476
  38   0.040433263762102982330150977125   0.600310679677928181706621264167
  39   0.520839779023684974742379930425  -0.289996688869184460663691193540
  40  -0.433734740560559118020395199275   0.390631002749320293060193044514
  41   0.037347600526472169159020801157   0.133625238696286423727189818847
  42   0.805687085658529823069448659657  -0.077791598179488854020498099219
  43  -0.150669837042319459674027006147  -0.779773772712006547908428408346
  44  -0.550637371978396557041770276757   0.000000544104600056119260706116
