   1   0.866413363977749389837714982664  -0.156173889361885961488135807716
   2  -0.874120968147512334311988201794  -0.099241762186547292741537883482
   3  -0.327303782671703671655602415061   0.815871531425604866042497685281
   4   0.153054813856626587324677662693  -0.041950659400180673849241618719
   5  -0.054250074880440575715124519612  -0.876007207169285615894891513101
   6  -0.183340849849473704236858537860   0.222818555201400344129256414316
   7   0.796315714539417725183750598938   0.365507932502713226152558522665
   8  -0.863249292289403667250299801483   0.145375523507396864583076778930
   9  -0.614680552708370388437807737549   0.172185469084419743791571901398
  10   0.658548817734964934077955263741   0.574212939078161752289986512810
  11   0.601308461905424097816952584412   0.207535643827141046512094733488
  12   0.174217938931113302265855578502   0.854331517791707671807962543441
  13  -0.082611191978156218563315677372   0.867016869642968849200767694999
  14   0.488052344853594774743873030061  -0.720123942699375748084507385340
  15  -0.413294905005122971401141340803   0.331131372495264559938887907096
  16   0.378873510444907283799928745608   0.074043382585287610511279633037
  17  -0.620731619734796258431062436809  -0.086599932519307620743440893129
  18  -0.601126019522540266819734024261  -0.622424049187568025466209215776
  19  -0.771346062384950482063553896852   0.389237079140418887513019900320
  20   0.173634658336607112836544623578   0.588834712370070168631454738360
  21  -0.107072818946333000343570497970  -0.027785393907615229485895750427
  22  -0.380124664469347295360926830939   0.046617772124212165500819473802
  23   0.851304383541326113769605906041   0.105230054986853217797557164886
  24   0.619712655980647605837610713724  -0.063060931773355309138421700693
  25   0.366109696256570273817322500584  -0.203989523742045725221745469223
  26   0.058210664564169404028653744566  -0.294672336369818212709225399112
  27   0.424834107630214415168254663386   0.424255103351751430456238894833
  28   0.427153254640275744649722830831   0.731073792516391572114784704148
  29   0.217636796386120414182409255459  -0.815211961909690310009810058879
  30  -0.019681337253966088712659391910  -0.596259843671173127695337916342
  31   0.289737261790562460787304854397  -0.503846060592462988298754534248
  32  -0.750582326062513105227188491938  -0.359453977420380554574285707730
  33  -0.325885288040318063872575868871  -0.760041729713091381202010123402
  34  -0.547304357658621487145352384255   0.611339071186776787751739922229
  35   0.124123742643641016510126719583   0.267559959070769520000660498790
  36  -0.159509785677354202937848087060   0.543751537199952719020607442963
  37   0.660180051841669160829767955469  -0.420400855875781075712961979657
  38  -0.335664855090041326706552474603  -0.339462307361527358056658555305
