   1   0.114943614575270999970903648219  -0.509882496785955358404627829014
   2   0.050449814343678234768474162937   0.160029981303827663511383952818
   3   0.506785638118340742413186738185   0.668633909568748875717547581358
   4  -0.193102883996172896046635965067  -0.419465086583609287339062881440
   5   0.086684111311502976711458438960  -0.831051803102858510562504458481
   6  -0.212137176466219788498561147333   0.806227756207668261569509571734
   7   0.693506235389115628610023018233  -0.458994046568911062712703747262
   8   0.383875416705659869297486737074  -0.321205214696008807969678206340
   9  -0.812458508485138769220933923304  -0.154851824136374188523204450029
  10  -0.801404629282870918102675874896   0.193698913966487868228100518623
  11   0.063888229299256051964244813102  -0.177479887430268893075745462515
  12   0.281560493054251084607989425239   0.410641207081124063748907320726
  13  -0.088912999395072659167648572840   0.476760207358053185403185463542
  14  -0.260971700738489299340065428071  -0.767978405944574439561622320247
  15   0.415996156587255380077745626350  -0.691057562451279379998714347058
  16   0.394785349491613955769044032587   0.047808296051869372875775241408
  17   0.158061273050225234287353831843   0.779284414457919876861931838238
  18   0.782530436380866608204650847620  -0.088731851600551663678303861851
  19   0.700540492669595582351209493847   0.338070466326426682538807484434
  20  -0.584266964702452201971271175163  -0.493341730611167941458201128826
  21  -0.527161369118557948106481748780   0.526165894249779171570894024998
  22  -0.372890525064971060992575355799   0.000000463467800844268835145748
