   1  -0.182982742125708752904684351801   0.867352952901409576885420064223
   2   0.108878343947601690682472855420  -0.489092845101124571170247927894
   3   0.865265662312230779994709885005   0.187420079593494472151815498267
   4   0.090940158624339046573512598750  -0.124121107285748381852488290212
   5  -0.239125589211212231346762090438   0.479078815903911601572941275539
   6   0.641509725542947199033266702696  -0.119179255488298739909828906265
   7  -0.676426550329839867391659964544   0.567397708831014059071345524684
   8   0.243477725389152856077700130850  -0.300281181939754881489967703715
   9  -0.338244840226392604702866969306  -0.203714325180146981176351007177
  10  -0.084820962623974207458027811283   0.656345981576867500387551776135
  11  -0.139795796924388359044359021524  -0.868923943162010913115914174186
  12   0.472022408458272681386711824639  -0.741904795714468659525058028294
  13  -0.801908911337708197575095111548  -0.358851442254194328136582327846
  14   0.155148453168849050910651166690   0.629618222977679599991357568414
  15  -0.799159181401065155634455242845   0.360852427431319117244585840733
  16   0.314326033977678581638878205282   0.817614378313265898344138274574
  17   0.873461244879472916529045912002  -0.052095348814910725530804297453
  18  -0.560140042711162313414053767514  -0.306221421580373959182807957562
  19   0.488123757694981943235408721243  -0.308262804545136978887392577582
  20  -0.392049941340937140216426079404   0.036889604151402537156913304673
  21   0.349702663382662281990253432571  -0.523975969832974799032411563073
  22   0.815825171136427896012809743399  -0.300935360273928237959449175337
  23   0.062289380312827638121241475011   0.866042725245459934577484833844
  24  -0.141365988766867348886371553541  -0.036363639630700989084579710312
  25  -0.347424341377918761253158192103  -0.456588355157290259079169792329
  26  -0.193602832925221672618520975180   0.228559077750734875150572895532
  27   0.006549803176034783686817713421   0.416245474596702478728989557658
  28   0.616417873286605810420835633167   0.135580110606480440712424579248
  29  -0.117046179949751840690895169772  -0.608553844305245809722064323195
  30   0.536123604048275809397438144872   0.667862704982851295675302308577
  31  -0.636764134979744537513427165469  -0.569187766337628779688348461607
  32   0.078640589531070203641298891699   0.139292794025727994413572186816
  33  -0.093305624270487021696031511294  -0.316751709899007166653087556387
  34   0.654168814983013065582796544319  -0.535616115360773150187572650049
  35  -0.389416956177914665220634958308  -0.746298240998876523590895599539
  36   0.721884744490530975963515174129   0.424615118714238471410201184481
  37   0.361128396976277094947367000093  -0.038667149919526915953830132099
  38  -0.420197744243535043821490859003   0.705163174013652554248984396184
  39  -0.495965917857324415523520890253   0.328770490046463294228187885518
  40   0.162716671371748539017452144103  -0.790934458979978130170568376955
  41   0.354961565373767663568709383408   0.365671211712324114819628934648
  42  -0.760195084453617457937295387188  -0.000002716939613746303546235950
