   1  -0.586338920079408833370547293649   0.676093773748850586346858791923
   2   0.670304960645013830033866209022   0.592292511286569924352992833216
   3   0.170366605058382542043700701918   0.877666302469758532647399740953
   4   0.085075561980560725460357718737  -0.889532823940010176698813111071
   5   0.655907899272855666163732183106   0.239181249181585645956085299269
   6   0.867942808104853634415592459568   0.208529272614632919563388273327
   7   0.670696935009781110124858288446  -0.588295636122058235163223783256
   8  -0.747959567097543545569827717591  -0.485360788831665864792520458900
   9  -0.047271984892001179450301762961   0.156813091947901952085544115566
  10  -0.460320171833120701871027488603   0.290010711564118396514628765903
  11  -0.889113919110533847907718648285  -0.040152510394041928715969837123
  12   0.788551950861314442596528839206   0.411463547219008958408557070745
  13  -0.327738098323023328562570419861  -0.363345948842486948251074762511
  14   0.504080371185077823145772036189  -0.731356769705355803478379852273
  15   0.588737183357172788221750136219   0.030460510876781221962659122636
  16   0.519912936725902159856516904309  -0.426833468609335665330758362274
  17  -0.669907348038142247304304663383  -0.084745688141306324963614608928
  18  -0.114928300816673800367779193311  -0.288576884514897870861655818197
  19  -0.865565676125103837219715217001   0.183739763017224686209875210855
  20   0.299743104454530850899227162661  -0.831732007704807989798671489826
  21   0.435644215031091081802051647700   0.200871788216179304730374901145
  22  -0.636099398381677391956268793437   0.144001307948235126229491189587
  23   0.551781607541228403124908194409  -0.197320420688368690170274999694
  24   0.059080590212316598529099047837  -0.665356765860974969483050468634
  25  -0.426217564004668927102175781147   0.517465791659436428934615613947
  26   0.518226264129484810542749654624   0.424079892143236443548327501977
  27   0.362161453122573416894670268021  -0.030437198518454886574752443342
  28   0.083659133606065945572182730133  -0.419513947769401981581149447271
  29  -0.833372595665909636622268048512  -0.268216051477015189971276156148
  30   0.270625279133737397317466655308   0.430019458928701744476581659597
  31  -0.225310526250886810202150867973   0.315772244645684105839813383213
  32   0.020738729543721731233601759076   0.384114196728823384199418940201
  33   0.189453957563911023033981852265   0.187709841864639675592906429120
  34  -0.152883511732870642808850862047  -0.531480226530766382109935674802
  35  -0.164510362578401694686123428114   0.568698666911404128549843768147
  36   0.094754453291032982776703055466   0.637414750687279930581738893002
  37  -0.571173658114278901802231046915  -0.315208490447678577441767555733
  38   0.310183088043067602317038750638  -0.286665257182612522267326831548
  39  -0.076200780541752514004651235555   0.854950725737096344267228268203
  40   0.304974354939388842270363589288  -0.570220064926528974828716035025
  41  -0.354186522640136488162027131136   0.775483291399245001854120690666
  42   0.773234064712397065282265581650  -0.350643192067501506762716372121
  43   0.843290531774229837182224202578  -0.052730979831508572506297844450
  44  -0.172588210056398654985368121748  -0.822162955843399935704221728557
  45   0.079652221814734771799010093561  -0.086853224243461402367688024129
  46  -0.708462396432019370687854881059   0.425799948839548753040901829443
  47   0.405468119572649973803952516784   0.708481652991599747861733528980
  48  -0.481677058048590709394391791244  -0.639297877637873911577700880835
  49  -0.332890897114230254003162289098  -0.023404045378666057783577072626
