   1   0.024686333827358993809107110842  -0.426485679587785336444344265330
   2   0.735723386036491671550475511734  -0.495748118748914381756663328948
   3  -0.815634277077082011517875787331  -0.347566790238037214800582764753
   4   0.243663169637678298618497305318  -0.851892798740343399868612881742
   5  -0.035301627821495463180530183038   0.884772380803451177186173071032
   6  -0.686414735393699369322454810548   0.558432759881052043822097771470
   7   0.233419613272398265487961489823   0.612318066049687471085185886266
   8   0.642081782132104191704711428249   0.607066599432805079384190745468
   9  -0.165289054809074112159262283147  -0.298012438914512546000353676769
  10  -0.515215882205945510474466836140   0.716232323339799261730857710857
  11  -0.586693456859079919341458368941  -0.310818834260253641657837686218
  12  -0.493836555706209423454292000589  -0.729403788944927729779184903311
  13  -0.805073791777577301836238108391   0.355561734104220131366758472222
  14   0.879303790161416193645219477360   0.002187423618066671881967425237
  15  -0.333474392973015506658528849071   0.560674268422238292341873978263
  16  -0.378693631512085047253030029969  -0.189519574705717847155260634013
  17   0.050518038769579767606916133819  -0.192333550603949191151678616478
  18  -0.393702609009544436032175330821   0.056591284728341148118618519409
  19   0.202031630380926321962483686142   0.851176094935050665293709794227
  20   0.139949831243674123518261654236  -0.635295998587095259223306508895
  21  -0.268982532049777223916470246812  -0.830233334056907163817063261572
  22   0.265064054376371509792165001365  -0.413536298993371516943595359668
  23  -0.119637251084354924685770000797  -0.621124951587152739283395370884
  24   0.439140547721464467658437281288   0.749835096225493126974098681454
  25  -0.158283766255376462635213579026  -0.045081669247881972719671618920
  26  -0.670517431748735336576512263123  -0.548565006590617338005176772582
  27   0.435481070944853645815733201200   0.463501233154289273423222165372
  28  -0.006893458308290444488843612711  -0.863110089509015616883169044784
  29  -0.278671285904427677418610356406   0.815035369600336832125087672832
  30   0.544983165974000302349561586273  -0.328917388908971609113870193489
  31   0.818804535525452198863951718466  -0.254128547138400897090041132030
  32   0.149744882755583692621379627952   0.363762286447023324417656794414
  33   0.094452954396087281063279609971   0.074855060106921629216190929686
  34   0.612569095238850629067806679353  -0.045958709570825777991024237527
  35   0.321816808745285749665410046577  -0.137335945984088693434704385354
  36  -0.370534196204556017515050126346  -0.482006979885354402032044144719
  37   0.388223338136517590588613399368   0.170607494644764875803339944345
  38  -0.048719308186971004382515522819   0.604044819904479245866458527508
  39  -0.513747621806674761792088797412   0.328147087830168087554155574938
  40  -0.164212908024383279738144849105   0.276706588370177851936524196830
  41   0.475922045809708079629716643906  -0.653847132301894619890278418842
  42   0.734871651065662341385903573390   0.296829494748260656933148465891
  43  -0.761708751273923752562140821329   0.000000598076153701989583793761
