   1   0.809009354763606898058132090795  -0.219232467670491939315933667768
   2  -0.372356613403047949607505430323   0.321556366674201604024189167330
   3   0.002284795539039352567016510090   0.834913230636038870884977779894
   4   0.277663777996116275256683398004  -0.785489872242976142628500099497
   5   0.656346179930265385111458688040   0.510007099813662765015774170879
   6  -0.684448509024021266031777086844  -0.467984682648766117237715316379
   7   0.129020659488493981494156937782   0.035048511030143726078051992731
   8  -0.675906954796841251986923686437   0.472209697286517304110996411081
   9  -0.426250812776371277861026574247  -0.702729242738871814302894286961
  10  -0.224187295416815919220535860349   0.010632623494735763950450829770
  11   0.403139294424566721317150904421   0.264113256863465694312384160529
  12  -0.076148318494692750155610528084  -0.808727024090858236902202242995
  13  -0.344457947197672038627294069142  -0.342094451854747155124136185930
  14   0.466304012571180116550143148155  -0.115452590219753714699890000048
  15   0.349726289156011941710708162010   0.717756532802782466261661147372
  16   0.777944153146044981618888019850   0.149157755098823583386442585589
  17  -0.353736109374854944871369546357   0.700103401956136709401538497672
  18   0.570268231440509248374419859897  -0.524144881115657755716845932741
  19   0.014600948981507266233749167469   0.431219512725604482320515889151
  20   0.103011226643877637671257028437  -0.396289168310680772494587607073
  21  -0.702522060497135336148731083459   0.000000597261332022823692873445
