   1   0.716557162862026067374098496683   0.499366080093218546473817021368
   2   0.223642208715577775356071073804   0.843493352654095969897741743971
   3  -0.260040952921420751819308586769  -0.832168239600292687215592873099
   4  -0.341600010067070294316983685180   0.801256509982576624922523567844
   5   0.867610082954774571543341151391  -0.066916628793680122837321838920
   6   0.529358187002965842672724918263  -0.315700090297713105850350263278
   7  -0.713270528447351796077130404263  -0.495312496269823244298652595352
   8  -0.418733484001022631044849020192   0.400288088617179089951746603089
   9   0.031934675378309337675678478982  -0.419527972909153323086064008767
  10   0.442691071938563272034257791181  -0.743553153155614403091025697223
  11  -0.211506242763712996076339843266   0.570728842398007456909063266629
  12  -0.860222505231995447892259898912   0.070314770486944584334608220440
  13   0.797991043196695009440267517285  -0.325647598101557448197341694136
  14  -0.196684185827360388821152020466  -0.270333308009481685629306911424
  15   0.649868244962862151666915328229  -0.562068270229412994411502533357
  16   0.321995049266390101096074100204  -0.493152967920047212043331779602
  17  -0.072053899577442141624226228871  -0.016044168391621160343686223394
  18  -0.458332880285854898096108674876  -0.386758885471379909695774435044
  19  -0.564948169927347811908239709872   0.638823058211069157665616070981
  20  -0.218473740787190887274041303221  -0.558037246738935921001307574301
  21   0.157891542174456337922279060887   0.168697013252495260643080719779
  22  -0.499282027149500082009207305867  -0.683645989973181842956614225366
  23  -0.059637595992395494060072225081   0.841968753862899889331314040984
  24  -0.811481168109943543070723107636  -0.222155595874926801652720892240
  25  -0.147659096949465183594963364001   0.279941294407806983312656347304
  26   0.804971778930876094161651784756   0.221325125455624271510665324000
  27   0.572563200873858698684069754342  -0.019040606981364668406665598404
  28   0.474239556113436625722032744251   0.676697130259692260248827122466
  29  -0.737057087753188016540503599570   0.361363239458263660918561306717
  30   0.460178839791566908750969575091   0.317544146316558509453347639102
  31   0.240584544121458397109110346908  -0.166683444403230012592431885963
  32   0.126796141913989670754932197337   0.524268005594979290555829193930
  33   0.086052628189716016416980342274  -0.772100142124520966801848895836
  34  -0.470926342760940238547838794084   0.014932169783916687395151186449
