   1   0.253472404506651389430369335675  -0.181821759556040980353509729446
   2  -0.200278634451713845623651278976  -0.133229183251447406401027570224
   3   0.665491763260724391371629915586  -0.381635512944813297694608621555
   4  -0.086621206385822123923336791963   0.756661639779828311123440223310
   5   0.384668200422191005871777541712   0.649833556179513797486571645100
   6   0.075267927399873300683098940072   0.260420676351577181568543196309
   7  -0.695306621385323228041837805629  -0.247521976589088845548376216467
   8   0.255702537316723214479312717299  -0.679644409640045015211407324033
   9  -0.306826102850513672989706350117  -0.640208770106510458032115186736
  10   0.665085000202432798875758381240   0.165776449006596241491906263636
  11  -0.531365986754256274289768967085   0.354309277904000653750517253713
