   1   0.831982397775463093188423975323   0.060040941214397322505644923794
   2   0.510198671769794600955525701899   0.657758890440628357258494345758
   3   0.550440647494159265983201828167  -0.622040857947764405267285459628
   4  -0.200544390593403239583034826204  -0.804033750991047656673960764023
   5   0.498707639045624171560541324876  -0.004690795379297748972562007826
   6  -0.209055974308632542232448156586   0.797364954437556544827611817293
   7   0.725078686833930906456288564323   0.386978021751041000706874873451
   8  -0.789923384612487976076266012937  -0.217134474946685781235571947085
   9  -0.802915842544747964876099716284   0.147196511414103866604632604696
  10   0.139626854589371389589672388871   0.026411473791913793313107684294
  11   0.360496908443442799942601876297   0.332473024199862453874680689149
  12  -0.093616825905777645700059690984  -0.454099127929392673138779932383
  13   0.165639868964147143848559731093   0.783470532915609341745081470820
  14   0.737406626992999032692763688209  -0.298140378210054363218923368154
  15   0.295502525789259729238400073779  -0.339716437828851372797557911203
  16   0.186962801295472645720263412132  -0.758450459344857084132934135175
  17  -0.050814392399146628681012372559   0.414187506666001409071437281635
  18  -0.524495474196993521376927573879  -0.546702322956879017290528312476
  19  -0.536441589341892845104793870055   0.505556614547215134383469757408
  20  -0.346345143841880261306528867041  -0.026709831604356075316537455557
