5 0.445510532110326177870183871898
6 0.418762856923068159265446214336
7 0.412775680938211778412205685930
8 0.396224628403000922595969430717
9 0.380224295376059535407571212515
10 0.368217684481656716319320819988
11 0.361341346032030330688841606070
12 0.353479496272733992389020193735
13 0.342006880889543238267855568678
14 0.335032622223411528392029785221
15 0.328894133918061387803680706002
16 0.322954185272443564609595356354
17 0.317245884377294160290338777441
18 0.311059040079333127847243506653
19 0.306811260790019573470353226916
20 0.301947772922070894938182032518
21 0.297477939502610777803564463151
22 0.293130379095334552998896504596
23 0.289843532600795971301975763171
24 0.285509511920761629619924050879
25 0.282067906970205549085670150202
26 0.278463588511064693645936551790
27 0.275278312568226913773927451343
28 0.272186808157356246098141610024
29 0.269569771902835041175738218116
30 0.266452046032066055612368639288
31 0.263529825567755447761770249642
32 0.261344939275722380090203142747
33 0.258663648810174620899366114599
34 0.256296726853183082538342344143
35 0.254020589131114872105694297164
36 0.251907064799438688931161907127
37 0.249615702646172256149096556815
38 0.247613323555749713081702598300
39 0.245421745192149956028115264254
40 0.243565440443616475250555118781
41 0.242131301059408407765738785973
42 0.239804915541527366716480224585
43 0.238291248725841449632905066133
44 0.236405812282068966952884292252
45 0.234806830674121768147593372528
46 0.233646830587184377238429509007
47 0.231516835487794302562250755498
48 0.230398912994942919981452614355
49 0.228836990017242957831964330386
50 0.227365751428029386681422643654
51 0.226192880643510832953142460204
52 0.224360980017201659857357637092
53 0.223159727243272159875924005967
54 0.221865564750487885979052693972
55 0.220586952714334435516709285911
56 0.219664248260970659696836128641
57 0.218181884536199900068024189542
58 0.217189245374810335374023143557
59 0.215799455564850505922440853003
60 0.214546032482071502417834064663
61 0.213686180138230397035065868342
62 0.212587886982871157039546994184
63 0.211206913801211992889403887752
64 0.210314293460139669092401153863
65 0.208975176435155786620952868372
66 0.208621040545850343848794262741
67 0.206848659073160491088528385410
68 0.205931464916753218517157487606
69 0.205066365899864815087059885709
