   1   0.399747388236438927780693632811   0.655377592076487007243151578298
   2  -0.319815358678537485992327970142  -0.692433459637587075902300380720
   3  -0.186679626534396375000856507481  -0.231047663252553745829004114916
   4  -0.665119424803130158666980243571  -0.347640489916739645639448510132
   5   0.694133481584272384742232454523   0.264105176444912477702548232826
   6   0.685462786278515110571866942696  -0.260020301127077526823043084501
   7  -0.108411104326853867758935177982   0.712745465112381747413805764932
   8   0.145884277043013559223957845401   0.192510479270579878798711979723
   9   0.235293287504008962733132076680  -0.637406071897677490353271225765
  10  -0.574269979106028784273311539905   0.263368345287129615360373643808
