   1   0.411000585751703872198743048362  -0.187289689932949424595614347281
   2   0.373538831989428046391531760873  -0.529085984482289153103859299099
   3  -0.139129880531382073512570490214  -0.506065591721884800997941048208
   4  -0.889714022522873890634762376670  -0.069104085849874172745848538529
   5  -0.194539684420016716602066638037   0.398533386393086568275179675003
   6  -0.558859810574298501190752247755   0.694470216371177838266204452718
   7   0.750852768734205464051937706829   0.479500079114331752510640447147
   8   0.863855143459318544098871681570  -0.215674794699129343248273152134
   9  -0.014535911921872082866628703010  -0.121650830830479320821314604103
  10   0.410149148247126252213762929807   0.526426487701700730573216626262
  11   0.207332765538545500390617766912  -0.110867796487028643705566875789
  12   0.008802023421199366087960258395  -0.342739614591887415686960377189
  13  -0.392298976292078040615043834741   0.299775460010064214698609936925
  14  -0.470783503914227384024379738071  -0.751571786307235763451473918054
  15   0.661086243307608753729276389720   0.077766095750289564586217133630
  16  -0.525551736907885260849881483926  -0.343283671080204154023181114905
  17   0.531367018822097527132267534294  -0.373142590959211398331044575485
  18   0.601538369629244957727415959879   0.647862309701480408476366107794
  19  -0.869721593557005736588171615839   0.154305569744536272960613781318
  20   0.882445375128883316323368375465   0.010681622762740189313580660004
  21   0.117068910954060655643119135945  -0.873875837983295965286802771293
  22   0.142281972360133406955884806031   0.869251193788656684996204927048
  23  -0.096924441640789141552247784224   0.874561331564145263939146127872
  24   0.026184663871191648924714716181   0.337074802886051281273357724027
  25   0.242723311907694814021934541676  -0.341497550600972725467724467428
  26   0.638416512701194533873219502008  -0.158022821187778911028056404924
  27   0.764519894509859635516452320318  -0.427314793092001742735326825736
  28   0.128887126694602723065617363798   0.112383133310494811975599868075
  29  -0.382751878000682952120160475439   0.538655795380600247373522601970
  30  -0.372753437809725398217628873390  -0.531397407722012251447032256403
  31  -0.132052634789857576385070659957   0.627614586561079216879345187383
  32   0.831446826756362879734697314541   0.253610839805339204367303453300
  33   0.279079086284961584649555955549   0.321734531973311818741954604856
  34  -0.338894506926994593944389973700   0.796882926404066863591209659712
  35   0.596133472551504187137983801181  -0.625519439229408546968872508125
  36   0.380856097622244531798364009098   0.773366172420560597563843152236
  37  -0.645581846208477161075801833402  -0.567920917795116756810182555316
  38   0.359835331674528699280184443226  -0.778186247101870632684341937997
  39   0.556698683009876031521170785129   0.314998177414054619364524599280
  40   0.398911665721413625254822500825   0.067117261943556998041114642279
  41  -0.789800201480289357053742969358  -0.308720679710770967106626914856
  42   0.150889305618621415042583212262   0.589896297514004838462558773570
  43   0.113987659307942408626389647794  -0.594566369595602798565798353622
  44  -0.257102674780407182582975465752  -0.258627228166185109470666708535
  45  -0.171014550477382896161843857862   0.116813103374034710195333375631
  46  -0.175981253825217015501887369335  -0.795816724080725629678383638753
  47  -0.684833780152814871329891058247   0.412136372890308174711827054067
  48  -0.558811907413951739327148596566   0.000000404864173981047176069810
