   1   0.008473861100142409709190840716  -0.548640129505196964551729096305
   2   0.508199729754691857758205902087   0.698888476705556042231606502695
   3  -0.013823043053259593026886633581   0.030600364304858543945526689848
   4  -0.483859197847340098874292108564   0.325562980236657655765327172035
   5   0.353806468412737594995539447161   0.471621403642736789677163464331
   6  -0.693841274198123846790618365755   0.508171281986355974498890615716
   7   0.539451409878094438148174251672  -0.668336436935782917555794086215
   8  -0.034402232188192947154635133891   0.856987293182206901248484774434
   9   0.848662703554128785306215225271  -0.114908028213548776964837365067
  10  -0.422592194393889981820821978587  -0.743337670554573873002846476187
  11   0.251324921353798580454416456654   0.815807825193097556194871140261
  12   0.557211188255115323547779877027  -0.117054544719998082474663672049
  13   0.160115398974312316261632646609   0.258012517890675351770386247579
  14   0.268124152467443620986604381257  -0.028252470497945316429259398081
  15   0.827406116577113293972122775778   0.180959293065231554621808975490
  16  -0.028024074908935094976828357320  -0.260964652636459742646811525319
  17  -0.276862881309166391362298340423  -0.477492204287689293024599973206
  18  -0.824584075585026178000407087312  -0.162660130214468582377113727293
  19   0.695563870288116365380593394422   0.467191010540661614839490686356
  20   0.065107783394688777397249751974   0.566278885954262733464799196697
  21  -0.119893409759842279854959699610  -0.823195063158066595390691251043
  22   0.499261664099627719723248555528   0.197213414953517669096597672666
  23   0.717265979695496149702540418984  -0.406013592457468544224276746594
  24  -0.165890174310201299549980108613   0.309359326509760591185731738277
  25   0.231798119364749214554761870712  -0.780085699658821559847788772524
  26  -0.784739293574568441888632987180   0.187726263616935183581671144452
  27  -0.641721999132004902709064753106  -0.474451248932215841281238576973
  28   0.319455285911330552710773498100  -0.389710152107001755110729721552
  29  -0.361122093577161905079026882880   0.674390774814926181369751996817
  30  -0.404154877330622730789685556563  -0.070785160307771969019199954752
