   1   0.536744697725311027105377350551  -0.675182977555536259288816531244
   2   0.576159913180146130332944269974   0.112748002383192229329391811200
   3  -0.826640383891650941162528517204  -0.239213450953509766165131387987
   4   0.826575272449164256553515418542   0.235612943703763499563082842938
   5   0.188187331873042342488784952014  -0.212835510309749239329437102124
   6   0.440271763044681297929806696132   0.358935019724346716766256171321
   7  -0.084022455537798841202763297433  -0.851878603140951598689468505249
   8  -0.540848207536247064886701267025   0.183639622464588072729039324693
   9   0.697273592779058482964525115802   0.491983030162218083139823336681
  10  -0.764891877347859143785206805150   0.375134956421236528305287317075
  11  -0.568107144858326583725153041141  -0.109967465627063570611892159597
  12   0.338684225055491546092422043328  -0.464829341461775983520454940060
  13  -0.391633042424970901641040640218  -0.355727265289049986171129479630
  14   0.116961350328273207597620614385   0.837040706091709953263286797606
  15   0.483168692366573689193125038819  -0.167498207663054730315268873648
  16  -0.677758789893021082371172770249  -0.497889726695379510814905661790
  17  -0.569766992613671316530325022495   0.615328066498841653568864587741
  18  -0.323033186390340138733201376335   0.403195280350358898245919297803
  19  -0.830419380510609207183604086523   0.067082318760067651924659052084
  20   0.267932115154544578731919628856   0.091014259822094713065128834062
  21   0.822506617785506321599749844758  -0.078949116359549243430957192388
  22   0.711173516694240927804785323503  -0.412508553471721300809643417919
  23   0.235231247787490204359278205643  -0.782754971948244889244082440277
  24   0.427137903383500675516985297076   0.690127456857203142981564334896
  25  -0.389504801668015774480921224211  -0.704060696395274393528094432612
  26  -0.233919629787953163532784424756   0.760543860946093150019764344898
  27  -0.037099069412839875992611845859  -0.491063853770499353136159922675
  28   0.073231278223245519720879103745   0.446931351331014015481265468509
  29  -0.163618156456787536498653627617  -0.000000303770261795265607799661
