   1  -0.166671772967477260627599312512  -0.862813252243988210170380350228
   2  -0.079287212410935488211577794642   0.874510922784467013501512787972
   3  -0.874886731590684925595845663206  -0.066482373584125559924925161627
   4   0.425033857076224477824959275967   0.766774163491968442576003019604
   5  -0.005788492436774102249747503805   0.639805750499101946698952042418
   6  -0.217718059522312689913967993903  -0.235674454034634679528496621230
   7  -0.248113877010512731252281577446   0.270003266059953723950465414608
   8   0.389567719454258390957258856279  -0.781896925211205234440961021397
   9  -0.631894299577413062897601847603  -0.601941320378935531570319924758
  10   0.814765574948538108253219085391   0.310188431106135658389248152216
  11   0.832925822473608790314197117991  -0.254290448464602841970288546223
  12  -0.322346195133416121826411682942   0.807972136795860496883571947734
  13  -0.480777340667567744015218860227   0.379717525984835671903287387660
  14   0.244692883095003833575277738208   0.585779702065319695582696554603
  15   0.321705729104883953432366295291  -0.285109471742052134796070782484
  16  -0.844626624835635705250048158480   0.188841793576389601182581431183
  17   0.177612382749128973532600801821   0.845692445643659263404087176025
  18  -0.742064919387225900072393515065   0.440364129054072882793172098439
  19   0.587798575721845124161429830252   0.169581769877199844210668664905
  20   0.371205728105848481882170444656   0.344734629442586217091777435961
  21   0.049468688562769816209788609683  -0.246450030897663018495239433547
  22  -0.407612041828520907044511645543  -0.753440940448564579247240479621
  23  -0.256164438574140160889988809963   0.540715558488753402260445634668
  24  -0.550926459169578505753337596443   0.650897694155116027497875129735
  25   0.232325099311260952130241535675  -0.553387115377849391041700134267
  26  -0.443035542835562170925322536906  -0.396275372300193403610742050620
  27   0.844976041102255310233494651466   0.029098225950928263974483205392
  28   0.110689935641015008675343340532  -0.835200142224100643308631806866
  29   0.571257896443712196361512474332  -0.129334576174395206784028053629
  30  -0.092153765205607116925115799021   0.025169730027439626352426385819
  31  -0.760409348322688307063995091716  -0.334816517370771571647081828773
  32   0.621674625877175352708176413180   0.543206138010307665183234281655
  33   0.050294743615039035597422425907   0.340048600588012611069685542564
  34   0.261726655108891247529554081065   0.034267973636537879070926791614
  35  -0.117396818145066049986033612981  -0.544997538138540728233516667166
  36   0.596149862088905721530655870361  -0.507168407927717011103494485880
  37  -0.508665686595540754943050607015   0.000000058943387518454580125773
