   1  -0.241562124475521506035984352390   0.771722655905383255386209243082
   2  -0.034578765898611724188029878624  -0.805245041510584600492318239270
   3   0.790520816623524182472457362317   0.141529558861670119725947961632
   4  -0.794666947586182836693637293361   0.091457688195897375251358686975
   5   0.753580507435457449443882612724  -0.257563604950691138506228803549
   6  -0.080965765946593106018640348192   0.406609066223024141202904679354
   7  -0.416897152955999540965808527152  -0.668759603532402104581721097577
   8  -0.081624771149322994189051867893  -0.396944450740710280910095203713
   9   0.172419200140043285045794213505   0.757769552640956919583094775565
  10  -0.697166873244414247752435762174  -0.327268331535619518474528423021
  11   0.563184404467096561238941014456   0.512732658810636743688028098265
  12  -0.574569935043497559545596488542   0.483205162430247233526606569631
  13  -0.337024816084340879752302481594   0.010655571451012430218401360514
  14   0.396511490809789485004894547301  -0.593396364308527455508910569183
  15   0.281198510693226337098473303695   0.010913228709529973282268654885
