   1  -0.087297085299413302267086987753   0.647965706685697328054000708697
   2   0.336466151823225093251140080715  -0.533074720862442166468672661122
   3   0.415271236621334560740679236426   0.421857850276629915298049586319
   4  -0.147601421315696812678800692413  -0.629496436180362841795141327158
   5  -0.159890872333904955556544889466  -0.866422812681695706293085948981
   6  -0.497648085543362077058048545215   0.726234240158230013958018746817
   7  -0.624138145735345617711772303170  -0.619917108913116828080467686252
   8  -0.312493231859018942572578208843   0.572505473271817031826200873716
   9  -0.874561050727317287493132304796  -0.080053476200209469705622016864
  10   0.252744816627792357214794644898   0.840252163246683242617109429281
  11   0.611101322123644797494041860138  -0.064058198581116318237924066914
  12   0.073029824246583271527944808999  -0.064651107551779733256788483992
  13  -0.858968093174443826150496837224   0.166315190979305416474180131436
  14  -0.059224945138472068199061804128  -0.401753340584937705802129305303
  15   0.005403064834507708393862195346   0.873036703405478952850134029772
  16   0.764639828948787067002277075079  -0.419289425125226464391173892159
  17  -0.326239971093994442422646470638   0.322852967337535026273979139779
  18   0.099358699126777876450171369216  -0.602833492484826747166158874684
  19   0.090304799200554358672503180164  -0.864034083646719642981051555704
  20  -0.074120533025426395795885298280   0.399360889741407417279694544877
  21  -0.264250152922548076840690884465   0.824923684525180592473354421268
  22   0.848014444848596720782481767127  -0.169737159177672622366936436298
  23  -0.168688599651065256781970754985  -0.163026489758260666682672627658
  24   0.348831999295660439721603532105  -0.788039143600027465164508331017
  25   0.347864526887116213500512786415  -0.060840961977672869056085604716
  26   0.523336609017964790514608143853   0.186064760834863441657876806727
  27  -0.398957813848169237684721856600  -0.757707167862341029350127422196
  28   0.583044945408267340659513584552  -0.624234903266626513020992871283
  29   0.197995937490803681504393454349  -0.306854495699734644339853679684
  30  -0.131510901313204711595273401504   0.121971296032890069971691795097
  31   0.501643389901826682447083170260  -0.318562572540245862314380247629
  32   0.487172324523719837258057066625   0.688035513290780523132415274809
  33   0.177802430462880020741687326482   0.567094365753132405978637238216
  34   0.824841911372445010357594099022   0.129574997987157937208853518752
  35   0.702465302864171164968594705115   0.441694145722959955232078297302
  36  -0.745788392808541838234325768407  -0.349142391082498441804081167668
  37   0.188627560588841758965457636303   0.221879151015519996674053462846
  38  -0.380354877417713820473567279896  -0.419003504974408961901838609750
  39  -0.653085874623831131678099942527   0.433258987209779100628642644819
  40  -0.512162862294130652477266877257  -0.000000064307480565372167861350
