   1   0.115288399759114255382675166674  -0.510089620367744622876329028377
   2   0.010048118239172768532714383255   0.176842349596677119721648260492
   3  -0.329569087499795871736668039342   0.775072831114065954624836179293
   4   0.625760118765973960541441445057  -0.561569179702258342713942794279
   5  -0.823788597322766645569599314286  -0.159844138303910477074675883299
   6  -0.821270142002269051723906689179   0.163588751732668477718328354315
   7   0.821591145636374870771917861316   0.152008256729015670283879014053
   8  -0.348623961487741301380737388525  -0.757120379844443759990312033860
   9   0.396031762994274043414525849779   0.730977514083979763716587162363
  10   0.388241891400884199174227073209  -0.332208513188393291290829406748
  11   0.187648855159234939854061719893   0.454864704517178927512089321222
  12   0.346330333279810451762715255929  -0.747319740781806522197989590564
  13  -0.008588306598430948412784051977  -0.820529178424074487807161354429
  14  -0.213905215767922461330883981694  -0.434790592515573678937841653616
  15  -0.174425300297644560177321803277   0.465978745374134507565408602489
  16   0.050528682612669732310519782056  -0.170161120109598457775565998853
  17   0.651588986651336246485054064510   0.470322143718084719612138441495
  18   0.030740186742508421773600600058   0.796856770583089291690630704450
  19   0.759440449621982029107745292797  -0.217336940717465983093065753952
  20  -0.616220628178654593207746811453  -0.478750614017640686003811916786
  21  -0.593364232709227335617473953217   0.486533719555686104757014613196
  22   0.409356403273727904365951693349   0.090565297575133674572315480065
  23  -0.399440690568175188036004836354   0.000000266646938970429072252000
