   1  -0.844663848767786009601309384327   0.148414235412792936272771944398
   2   0.755931173945477451236057652708  -0.402743735540551424872029583107
   3  -0.690902958091843819793752317009  -0.504334529664010864552537388507
   4  -0.740414037235982340042148026049   0.425874313102853910537118979567
   5   0.829616692108167829007573187928   0.198197226970288499319308988017
   6   0.289276682216167923252133708055   0.234181826489713264406957852142
   7   0.189453453950260514220661325407   0.515057174510311425207869803110
   8   0.320607303804781336424635879610   0.785916025997429162702824989768
   9   0.001810458903299911341497406218   0.141375872096130029750437482050
  10   0.492280913809075253939157510724  -0.264060132760060323994629469932
  11  -0.104812161182496648768811922040   0.431359817903772632656652822413
  12  -0.167428621735134662694577104982  -0.509907388520962413376496577544
  13   0.832738835837296442535162617704  -0.108983722217627923292263900832
  14  -0.127330597578500839036400826513  -0.827880127841753043911043748707
  15   0.234974714100540898562562675740  -0.074234138558196367309596375409
  16   0.547945554021449114334681702401   0.052984812079702544656745047165
  17   0.204603471516420164020860913450  -0.803963954194480751012781591341
  18  -0.439598731730520418865760438061  -0.699673519231990227281291407578
  19  -0.435526707649838377300238796170  -0.308216160425982712120152556909
  20  -0.101502262097714604809532090818  -0.176643775903947453673177201867
  21   0.515758606872412737896471412687  -0.629065907061301215897629937369
  22  -0.787003703065235590994233963471  -0.181351146828867331454413471953
  23   0.182199714014808568967678421581  -0.434717506907383424155554733744
  24  -0.039946113881076000686395811995   0.790369234591254874996512105455
  25  -0.442988022116158836622431539199   0.640700888512868104544730875802
  26   0.579089519548537603832600390058   0.492744402708144662638042578055
  27  -0.427008642237868042498765038127   0.144369697555954654563440374554
