   1  -0.853104275725169085669887491708   0.110439314078886013884653955939
   2   0.356609732005487781472448851556  -0.152141927124738367565952805523
   3   0.119137063774562899531395043340   0.849825653414705328503501583961
   4   0.654768135066860013644291243820   0.552955547551588343904827715250
   5  -0.504157333782298265838204172791   0.691591514424172623894169886788
   6   0.500282282581766516000356942980  -0.692880470252745863405614684536
   7  -0.833843887320170774336261571935  -0.181253102646484020277699916228
   8  -0.114398263956152281227111993470  -0.844229377410011725422182244171
   9   0.850450954165633590448033089582  -0.008472490135127305423449865143
  10  -0.073758281357660586954852466063   0.181249415582247892433784234780
  11  -0.036535070828110721714371729877  -0.553737856147957496800871851037
  12   0.794184675659246088609152732847   0.290227312401289899048746684127
  13   0.417127498101987743051207038628   0.370982171296748143233688395504
  14   0.229230618084638658525016715201   0.118543085823127002155594858712
  15  -0.314236210994330851416199803281  -0.408792950312409983255470095761
  16   0.551119429653974770848676827157   0.081168762114260253474406274687
  17   0.402632968571657320802305437446   0.730841179318767532885898999157
  18  -0.407546724144918094249550309338  -0.724779451523366532058894786762
  19   0.202762060232307695632311551976  -0.803030443160177677637707812811
  20   0.278271161276063334474232848078  -0.461338611280863650083072474236
  21  -0.197802296242972791149269789153   0.796221866639071699856759668730
  22  -0.304106706508087092805601154006   0.430859465239872610058977603018
  23  -0.659690820845367612502308147208  -0.469643906078299050874282136434
  24  -0.692144258406256870918486226096   0.406574725502649276840787977699
  25   0.079764105256520926164165632487   0.503916151562738958456232347398
  26  -0.001281464834746015801250917079  -0.183848760316369226096360829058
  27   0.676253244484052279959594463089  -0.353444791996647909407928512166
  28  -0.456219785140224610462484099995   0.000000125132292549066789002862
