   1   0.856657920488670934106574076284  -0.221333864091347914854650394697
   2   0.225473237490423885198136399024   0.288765244352206083864070958860
   3   0.645907222248916312669272822568   0.122753846071405761143022166998
   4   0.733441995243457309667766658732   0.491726994660948314014324671895
   5  -0.035884023563280158100187975107  -0.881669175263585610874798450902
   6   0.110602448697748717372058254785  -0.452386382335621867926958728841
   7  -0.832389914159880563316532610346  -0.288855459966326488652947652818
   8  -0.508662840853376883379594351087   0.366339683311152965394161730245
   9   0.053511606588010225693152106583   0.878048049890611623748726800958
  10  -0.574064046368312378390803381646   0.134724020103293069712709055190
  11  -0.457140521969291141066208460327   0.749795367636970829594492762461
  12  -0.133174355969797005298312585514  -0.099193071575447479337336712108
  13   0.832978716264967733567026051031   0.272848622871228911958807658800
  14   0.584556083363000543738040437344  -0.651974214107598379216498349044
  15  -0.009222042884967776140681365581   0.640623151279079382008669237361
  16  -0.314234742575248497791365529862  -0.545275534734568965111921868143
  17   0.294509003809255695375550113277   0.821618310090808732719967743345
  18  -0.711147534504969769582537975813  -0.504224466406688143409654015156
  19   0.870368967967961456334033387045   0.022824329044573265760432994764
  20   0.630753812018667128002317306954  -0.124104718343054058798449649824
  21  -0.528354406733880599329064835600  -0.689039398455400250830870374242
  22  -0.645797590997376801655892895671   0.578479067622598199550943672012
  23  -0.068085660696067699145229606506  -0.631609974860761974646491190016
  24   0.741228159213181004916710737942  -0.444263669628157410037138834459
  25  -0.127472404969790610909618299397  -0.359264649382647447400646650776
  26  -0.013854683916343669259712485142   0.376345709114501685052705701197
  27  -0.284419908849667634526484329319  -0.810679822805386383902320474676
  28  -0.205608424003202638690799346530   0.832143174407218306232821696237
  29   0.046785854740441109166247384845   0.098861923212843125349073069025
  30   0.248131272496864523163515565309   0.550873212554628102568585007099
  31   0.127349681021931274263631393796  -0.184772897803345776130983236381
  32   0.526002961196895117875771782108   0.664162550994953652650044847385
  33  -0.780562543955621790672259253877   0.320885456459401155147724810557
  34   0.493774136183826950881785382244   0.353276605759973998503884065069
  35  -0.275979033249328508887811845150   0.528608352254490191053810518562
  36  -0.830791753808723916123370453131  -0.000736784857965335858343475579
  37   0.367687108248107622234152622044   0.034569770592057871839900790340
  38  -0.272374736647581165146476127777   0.176491641997091309626639381021
  39   0.417797951185858541690342499413  -0.369726429612297189730995685664
  40   0.262398573041557715106666912339  -0.744313976121764437472417242939
  41  -0.478819652115804678624514699892  -0.215762115153291778103243322457
