   1   0.381333630110640426794245802381   0.144409261591001056137646623876
   2   0.777294692054156366652265435101   0.186754715376655325464229572124
   3   0.054559664556809201518168403803   0.378437888518378654139942723121
   4   0.157666853301354755609806862556   0.776759981705838060858092139830
   5   0.412410393793222516681267856733  -0.672176583086785036862845913759
   6  -0.655944120477601140703293148097   0.429605717203958739431151478742
   7  -0.778892424830385407244929386732   0.010328497521714911067961819425
   8  -0.014422367042273710271725342643  -0.772830116193579909075632809191
   9   0.535207038299657161829448526487   0.547823387300051597859974313170
  10  -0.286142349501793810908210703105   0.701025528767594305946372493604
  11  -0.313377835435291759598768115926   0.105746741713177954518612636737
  12   0.678467684264091031956186415042  -0.272256467446267043090193775204
  13   0.115292035462693878502067514761  -0.266240454496975948413714529943
  14  -0.480959562607643421682977113315  -0.459194417042864813717401572354
