   1   0.440201467220142499662549572651   0.764351901576419835560413120488
   2   0.623660329525981067192584071549   0.113582751207020555541687819175
   3   0.857492835436882010545331807049  -0.201286856305661517485542251429
   4  -0.103829116755618388402726984179   0.043177389511760022481700126941
   5  -0.661704373062918730930800172595   0.579320910088153006629198461044
   6  -0.007637891378604689997594675205  -0.878734810365311948265084037032
   7  -0.664556233524155722257335637620  -0.573866523492676079410451362309
   8   0.122245209822337579278614485343  -0.044732321210180264829322171167
   9  -0.249325245742743399184639393466  -0.840298911251377751986009251922
  10  -0.207141495668350933139233943374   0.264401704030448272715001016071
  11  -0.268552689974660328709654446921  -0.590471966912143252414076861573
  12  -0.474919540830914274162582984060  -0.733669671952409088051665039784
  13   0.303680583631353989998562442137  -0.216234108686935264051329741043
  14   0.078115662756317021275878159102   0.598632715141116169609825339742
  15   0.573187454041379953123852527738  -0.655922294805609471121737206981
  16   0.329794440372551413752672586918   0.542363131503131756946708166212
  17   0.460000873327603208227003362031  -0.421840254005062044872190985280
  18   0.866297245186191547873641154041   0.050017979150386702806503794662
  19  -0.012093913785423660627650581567  -0.624045506875648316812912293626
  20   0.196168562709727432076352106734  -0.454893226865514966731344296501
  21   0.465902244502507660745293713540   0.313620755532392422001215180201
  22   0.195951889767896325373785193703   0.839765070828569961321317193973
  23  -0.860735962793654420899580778155  -0.002946273162016318506514302840
  24  -0.181425393090100529720067796879   0.528415060178841770890447868161
  25   0.369577047072247129710395861333   0.051793068925742379827394778980
  26   0.735887153209431469914597551137  -0.435739640569183803289442581556
  27   0.790836684046893806527322282112   0.319840187925808196766690092315
  28  -0.460892776211481416665947180056  -0.394687116505142019452078445838
  29   0.627718373600759002222444771133   0.570261106190630331592753792879
  30  -0.449389457810448212465938741011   0.403123850008521415536252169204
  31   0.583211993140836425255001272955  -0.160158288127735630144091014937
  32  -0.419904306927667484305898417717   0.725301224903037331425038507877
  33  -0.107744101234764231607099465394   0.826708015829762463025126885899
  34  -0.771971405936586393112685697392  -0.300765996410539364990194629730
  35  -0.765596031299528783098812860671   0.299582131982443294536089376943
  36   0.277813230118230942296182479223  -0.765130124849346369518507485121
  37   0.113975331084029849520261781602   0.275693249772743620974986794798
  38  -0.111070038818628615449857096971  -0.290494399502368561969225937848
  39  -0.466543998582107568025888945541   0.000000011500374973598125605228
