   1   0.781634301175706462832576951976  -0.247840486761036140046150860539
   2  -0.665128166570787808828717660268   0.475799483845115119100753299012
   3   0.378112205694755189598857334075   0.228685290949560023260738893556
   4   0.173694058906931043021300805843  -0.794083822013431440417255021847
   5  -0.380169169063878759603546654062   0.715184841306841649984803423240
   6   0.614122968306127341726263024154   0.523545824890875608779481928792
   7   0.417977364485606198285306407837  -0.150717207017408592119405361212
   8   0.057584836359534635585097708037   0.014737560761084266101071469699
   9  -0.650957003124000000000000000000  -0.456651382743000000000000000000
  10   0.101305008027369264135048653064  -0.404302939159302034291905522475
  11   0.771144106432285374993367333009   0.147003430867199178079989566749
  12  -0.290197625727171503046477486053  -0.224052127655216089022333463532
  13   0.522605970546880831239515709578  -0.565584318471152607031761906532
  14  -0.284135357037383628027862693133   0.292860162686707142347020258410
  15  -0.257830878834095199986598255449  -0.699317759467824517167831330433
  16  -0.723512514905782140271679280548   0.021144360448460151577823219165
  17   0.125673173597954536587529255689   0.671088247429174963626822545076
