   1   0.870491580613052334079925986603  -0.041108050075355608955443648740
   2  -0.748282356958282493809475568879  -0.445125360161304688905176090527
   3  -0.498657902588187131701180249136   0.712719770266844620092153746303
   4   0.023323556904221334576127598885   0.868674920796402495653839150407
   5   0.418918541840163879669086754421  -0.760328259729988477721259684807
   6   0.470548592539348470292711375772  -0.362676002728585549058580607204
   7   0.151615934168654766687675534207   0.389680082406009236847229379972
   8  -0.531988137167707109730758262539  -0.293498292634311225292529647955
   9  -0.323385466684001040615874057260  -0.466008444615721625765408167961
  10  -0.048963150918264309645873960688   0.036619359803944623465124076038
  11  -0.108191647356930516620982580884   0.305322850653698267130453814820
  12   0.262720437062522896701295416520  -0.538504948882517435413550764614
  13   0.628492845595486166024677797688  -0.585998853749221093198119412095
  14   0.216846462130178417571740499223   0.121621837252701929881030432869
  15  -0.246900460334581142368088396330   0.820095877994197769767230065931
  16  -0.837055138608772568889204276759   0.173537505934079417542820726145
  17   0.668143130297673926908423302870   0.530642432838554323243433507011
  18  -0.337417576014347384493955627429   0.483873577580257011473533576300
  19  -0.170212018839151829789946015161  -0.224045431717008224496444883229
  20  -0.549541216716880786897003439309  -0.645071975659260455355536794019
  21  -0.053161348966159508615730202025   0.593134157432022853901765645795
  22  -0.031522633456628896701247258605  -0.499952684584072859641594035808
  23   0.438734307872825711539039332940   0.326786250015448180492916417871
  24   0.773799747848899964951446312214  -0.318078474216369401380935069350
  25   0.796578592529247451199057373741   0.244709194184169015901309003642
  26   0.120873762478067022466191062765  -0.820189018217227304904172232792
  27  -0.811669635457636873430973583282  -0.145913140478101714368809078404
  28  -0.678511366224038587199939681691   0.459101930408448768305277209169
  29  -0.236289669833805999959314353847  -0.777409444863978046596922302885
  30   0.176166935159977558875879004741  -0.214031296533754520949242544409
  31   0.534558241462335522470241651235  -0.028274724732613544604581761068
  32   0.336046001009962720709474790863   0.698154317114227032208769129528
  33  -0.441090202441335586128223403364   0.089337999624075827461141122762
