   1   0.747884467138999402576201762454   0.454669073742043748170227538710
   2   0.219980840905778454195469489416   0.846400823866322156698146702973
   3  -0.018281396289584022711495868643  -0.489886134511312984007205869654
   4   0.328797615732688883396697945364  -0.808704614604747916010919247502
   5  -0.325732726840733435613928661428   0.809071869182456093113109523369
   6  -0.220868870901844470829149132923   0.208065938213048389462211412215
   7   0.863780030135301268299140788293  -0.107579090149152828252170304130
   8   0.431796883368998908963085593008  -0.393080581694194663915994628108
   9   0.013718659872708219899963535188   0.320316518396938800936997830745
  10   0.541925392800935294276899877308   0.300698269644215755625451280512
  11  -0.070919305167625161386644578099  -0.006901240193789101281268748046
  12   0.231097148581590634976676074286  -0.566095537565274033165918889069
  13  -0.277340777664293224431534057237  -0.528445899309714157889208041124
  14   0.279135273135247787538491042456   0.359506014928289704613767792771
  15  -0.321316204768450136591311601804  -0.799687843720507188204858417055
  16  -0.765465714053313015486670899829  -0.393031100567032266055903053446
  17  -0.763053165931554667779774321826   0.394572106999213944802862222165
  18   0.184922695157771145408766631883   0.096475769341563980483267345546
  19  -0.348383368136473748913338298858  -0.033689085022080277798725719880
  20  -0.174821792504509321297189885010  -0.266193130416074601261695085644
  21  -0.053259290735408899576760057500   0.850542223254736457416063634329
  22   0.552750019410254928417199834467  -0.645933681364160756244273056318
  23  -0.482537141295192344994065879264   0.309783447599797151292329977211
  24   0.103248314053339941233177646822   0.591876063900994241123768641034
  25  -0.474792775528580633804484542903  -0.309955671568634597403867895374
  26   0.820418864318414701914216099120   0.179022402635987595405323367898
  27  -0.562819294363106873985113166587  -0.618587059098018219954994623903
  28  -0.553867931223135278224598367055   0.621397546523699493875497619159
  29   0.735230574630929657666217687912  -0.380510330340825749743226358811
  30  -0.222759292456789463368975996662   0.519146222499971734010371133032
  31   0.153582023910352994643955848215  -0.231479723343150642314112822670
  32   0.009278235640255425793331837321  -0.807435086071737874775193361102
  33   0.475253647984495206307607080074   0.638229729193503099393962215688
  34   0.516890706579468205846792715347  -0.051947808345236122837647902080
  35  -0.745118644595501329361016289569  -0.000008351980750618777247282042
