   1  -0.782630098431818355896222425488   0.060378363925494292003905656798
   2   0.327270629504965535931982321711   0.709321626035123188811927120426
   3   0.736851412197000000000000000000  -0.244045917816000000000000000000
   4   0.096357798462201903965881162138   0.327051704293806890002782008368
   5  -0.669719201887849826237424750581  -0.373421836443191483277998108834
   6   0.451849742006663073696028404743  -0.611408172653497758881060731353
   7  -0.137537845270359835083260674224   0.740311169932357782675553381798
   8  -0.568194346603551385506568684581   0.480001493520934423103914229981
   9   0.245865763304665474815662655896  -0.145530114638894298693393590417
  10  -0.288768234456058794856837863724  -0.009613853646432770268579397429
  11   0.632883561424526184979898920921   0.280548639365946753301688619960
  12  -0.142420892571289661224110963575  -0.630638605779058652318537635126
