   1   0.880813762643954975948948506973  -0.136680222516157767432707688605
   2   0.709834158833624927703817917962   0.538327786883909957948719104679
   3  -0.603784531609132391325554597535  -0.654392825796638005041229719403
   4   0.351262108608114264248921259964   0.189375578910703999631609296659
   5   0.358262026314992975253042663001   0.814008903965167609525474991719
   6  -0.442366147222754770903119406730  -0.265029842461343543120611138121
   7  -0.064383120726848618957506782033   0.294122914711921942906581164712
   8  -0.879521921316340596309551897489   0.120281044941357889265094736300
   9  -0.685557736160226570033932881645   0.563026518505391984256387585714
  10   0.028885204765289997578751111410  -0.666961224252679570048107363450
  11   0.115874137758317683334243309764  -0.878285599169672061237755055397
  12   0.549220426294133738280683318557   0.694281991643536437066111605694
  13  -0.265098184052201410999906195397   0.400452489782410179965947329136
  14  -0.652634233268739139816555169729   0.146505154702509788005353253270
  15  -0.232798669727756561253031390191  -0.356296010112905579483501666822
  16  -0.634899809386650135579313548883  -0.086495133854285287188800178182
  17  -0.063092391372622945796647768664  -0.193149103824594412027157909024
  18  -0.128922329437041409907095062641   0.871368120905586838049084623788
  19   0.248700032167730079817250506120   0.611070540387557817167203959893
  20  -0.871879092471409583623965645139  -0.112746443904977972919937528453
  21   0.813124812589794209230462532099   0.331818775368492839404054798114
  22   0.872155183743739973858053680037   0.094538337865797638544858632079
  23  -0.197408093232618258629380082695  -0.595787368744693564474929280974
  24  -0.426958782609429151976889721811  -0.500500209188285238490085976924
  25  -0.001053040573292083859967311052  -0.429413374584357867957112664032
  26   0.344679442205592923431361707564  -0.801976041870771489290179955080
  27   0.646062564670667484143345432887  -0.104238625102613703592236916685
  28  -0.797741014554159068757253209898   0.347993317142106307507526096993
  29   0.121056450015877609780097638919   0.860455450712591035401672359105
  30   0.388569964862055103661259487719  -0.050437353575306959090225963444
  31  -0.131401900192501964292125568932  -0.855775713879005169654890971264
  32  -0.388199196774453402967743529938  -0.771948255344603295284706413573
  33   0.175197646307820007812282335748   0.363957987615354159093926334494
  34   0.193080780130659073085818392858  -0.247345144230842515262470449700
  35  -0.520664972973143323632868957746   0.368488685470728506336652216187
  36   0.604909455939545475532399085918   0.165616717306719295645848259837
  37   0.471643085028430976558418856788  -0.317828767567181557583094088599
  38   0.765250667131167990573748447804  -0.368698627643646249711428418887
  39   0.260870344728657026633201761404  -0.533512984409540526041649723603
  40   0.463625444869316252754923436498   0.433642476893804508096288779430
  41   0.568108823474678626457204415430  -0.614152431538473228421514287147
  42  -0.039339016046496819281515832877   0.583792246664100566019494914797
  43   0.097383833336074103066029782492   0.054885954885531859361676729724
  44  -0.718059054809544904188457661685  -0.380069943474851524270770323117
  45  -0.396330378428952707337824943962   0.691007664611679799585036122428
  46  -0.313334156888253293453452579679   0.054739029481117452419644651403
