   1  -0.001004943597848782278168687512   0.480104297218986970030715631240
   2  -0.813841953617008241586969168452   0.125729656372714655967277481473
   3  -0.120583341861800377924039094921   0.812443718898501021771448935111
   4   0.596151564728664520590817853425  -0.561605888075176543599813972887
   5  -0.782585407924995294876272182130  -0.232906277426247505015827323424
   6   0.588162938644336482672691006342   0.562390274048468847302117965754
   7  -0.238747190588246749224581495325  -0.774813558935565575586840058047
   8   0.773186778486083414014935644503  -0.232686137507293175227946504144
   9  -0.468236482363355815073314559279  -0.019711844494765646807194569563
  10   0.254579738777994396539901766631   0.757943283028298382305278767118
  11  -0.567344850062091531052834364382  -0.556588900017659766010130258844
  12   0.321075293397373020496819318068   0.268574684610991310055072598408
  13  -0.070583871928694230264159779165   0.094384901935127908147189642862
  14   0.752183417328763758730303528338   0.184794333069034182499676050492
  15  -0.180167102314663644667990376953  -0.345346760964256666854346217122
  16   0.197228838448235739480149982905  -0.723913562397609223206089451796
  17   0.308819550065433254256610876079  -0.212904449673153255354835916355
  18  -0.486890004865745548523240284444   0.487419500449299005651413343004
