   1   0.499234790222261288254415683458   0.662742727031987980384214706846
   2  -0.055901596189060564764583055023   0.482437992419683125028135005077
   3   0.824408344705389954612806484255  -0.049730475148168304292165596548
   4  -0.471368688419036899773717039154  -0.059825934534587858033399281240
   5  -0.223122974024816177331493144179   0.790612660174728759971135948426
   6  -0.818670971831782245794497680576   0.023691555978723203773040727109
   7  -0.486226600684910147306414041117  -0.655703975918718465772648903798
   8   0.365391648753720783045467949296  -0.726651385053057829891412186472
   9  -0.259352556231292857747028636062  -0.358512644960502992855523580386
  10   0.290370630500823921458891415263   0.364606063731418554161972497130
  11   0.153078021404197846461887413080   0.787553573646187133729030371787
  12  -0.718138779883472949363849844451  -0.347002363636949080865353881689
  13   0.198868262296473919355299019253  -0.368434467985932171495878846125
  14   0.437072605631553771645525751378  -0.019661588458302972758272814958
  15   0.704929513756748780251425219815   0.328301573015494685091724432681
  16   0.645641683895894643479832832977  -0.414937588532969060464160557044
  17  -0.066881066312543158304944763646  -0.750736611584097398790176033640
  18  -0.040268550499842867868045449710   0.043507346832907336104099463888
  19  -0.545443631220262129327548102646   0.427787182286679719742640917684
