   1   0.810412778693508056675736839008   0.309203039037700404005956270911
   2  -0.654754156579312550716266985060  -0.567591041563725501715322972905
   3   0.050507656969998085975485461833   0.602184560018655511970568207786
   4   0.435698853399429141691460960372   0.746872489737164348733434630759
   5  -0.863605088489133568631570535744  -0.011435874402732725307308697471
   6   0.506673449204080372277681668863  -0.698171557530002942560418392651
   7   0.179257680754636484943528148917   0.842711814782862617284023724364
   8  -0.395759924148339865241042466173   0.764013340786155214244043086710
   9  -0.120506175707956012627863497635  -0.850746074102299129792450609152
  10   0.066069070911430909290189321167   0.326219547091247884795137260741
  11   0.182123451217360654713303489945  -0.195207133803576912120209310402
  12   0.227610211212542735518126717699   0.089277177157620471646177153775
  13  -0.513200299291928687813298326934   0.231843647688632745493684837440
  14  -0.582665031221498620491883590844  -0.054049334405752993502792040640
  15  -0.806891551533631689641127609323   0.268734847127705517166618277748
  16   0.312455516434995853491253997785   0.488025239765334416532214585555
  17  -0.112667267421197137086787936252   0.839145702299332944243960951429
  18   0.645082071663626033255731222254   0.545092374627073795298894979334
  19   0.466926397580746512950836133906  -0.095792616810901014320278351651
  20   0.316621862340591677331472397568  -0.467465447920273822216048436887
  21  -0.781470196992560688926417383666  -0.299407394464047575741278912521
  22  -0.402791509899490732015572960961  -0.729968887086719363567367402420
  23  -0.450856481812487613690166897663  -0.343062994140402069625898790680
  24   0.513688478930736618891208455369   0.232534958738980260784800916258
  25  -0.620232477088475271939321498699   0.538570137097589966012099991012
  26   0.198917464658919868866460755985  -0.791216676550392168382533849890
  27   0.808870798159867441448653548572  -0.014398593149438816440420894073
  28  -0.250685175223909232396875605389   0.457235284801670359413494627727
  29   0.681617899199327644511865990369  -0.396303176306162596237381616837
  30  -0.077001894510712626620607535865  -0.483133690878744989953588746300
  31  -0.174867107280403467834151902017  -0.000000143471689741745450716682
