   1  -0.173489047487971069421241080880  -0.776084672442615959952704075518
   2  -0.777465872773333684914446096788  -0.150692375063953566351187869695
   3  -0.359561078531513406802480089628  -0.109029744143486008737749406809
   4   0.245887662059637246581933305427  -0.744662226613514621698244759021
   5  -0.106771480133711653362194115011   0.241695622110494157200211045059
   6  -0.013207339337668354931198928309  -0.376434619637718635832486621158
   7   0.273564613208348252062214596137  -0.019850104366426728762280666391
   8  -0.544114682085214265809301090356  -0.532028765166832507986824192177
   9   0.746044142138336139214423534409   0.095410616711172720686207676064
  10  -0.212522743744117897451051047720   0.709668562486401592822527740593
  11   0.600906666848326972338610602485  -0.406446597720133351478688367943
  12  -0.619928806769499593156143147042   0.329947589896293000394761062508
  13   0.366166392540364189668247764362   0.546696549989739430091517087142
