   1   0.405644736559325812650245579846   0.795335271482928462179492020022
   2   0.415198133831600282487819889955  -0.789868040690757872541771991135
   3  -0.162928343761401727187047556970  -0.876863258019220335611447469792
   4  -0.044450925992489963531534484329   0.890275427353802637544721193827
   5   0.029506473386664214695680438960   0.685489236178194446211500962357
   6  -0.783029760892394762390920446897   0.423817938043757847002034059724
   7  -0.742344224862506932918926168014  -0.490644063277134637816613227460
   8   0.851309495179131892918640822228   0.257130754214208613681663179643
   9  -0.375129255557746843472553782124  -0.555679419214972654463493365461
  10   0.757564658663919196060075383093  -0.463584776161584717704999905002
  11   0.050713245479387330909448981078   0.464944821899064948707695377271
  12  -0.860477139723162476639703706626   0.215024667690089887190691105142
  13  -0.886238235362306066455757850763  -0.010272956687971265365238714589
  14   0.626358534138516862451982643887   0.249836777759343148570246744622
  15   0.884306049454312664168110371761   0.033801143853757317792502103443
  16  -0.104029667962387356753793559284   0.297219818159519527588921521807
  17   0.246112342835534458217725175731   0.345641317639643630448016739717
  18   0.585304428120847790523146107935   0.660790899082319885816022320345
  19  -0.332676000710886472134128985783   0.346127203223058167333128447467
  20  -0.165118475295864408633456389774  -0.649853803301346706976201529707
  21   0.367931002822071531574169078447  -0.070287598655699620591742993459
  22  -0.583334800540985922844502097319  -0.657980569640208715478289050356
  23   0.404935889862514237541831063698   0.168235507907857579117505625898
  24   0.184482791293525302419085323045   0.857771624365560096210533477270
  25  -0.378065603079685075858289263142  -0.790591119708604847966942288643
  26   0.012911819451957445510236817374  -0.197450618082831201590475389974
  27   0.247943182623618331065264573521  -0.284688132617089429782821891740
  28   0.594892227705425707953478940363  -0.638701481938948802189821859170
  29   0.736029166524748405377657374481   0.466701263263463555830880988984
  30   0.473546438275653900863551404508   0.440365497254450385365467729713
  31  -0.643690427102466252959951676944  -0.045350753089519937501441708931
  32  -0.276152589861486098409094238951   0.821874783601714640765478626727
  33  -0.223471580060490040862690456081  -0.361640244631231561215076416149
  34   0.260058564762821614418043031361   0.599816466290015514320788929139
  35  -0.822931242607059570831639016633  -0.254513777509520013795694055627
  36  -0.186615837587066410285757441967   0.559900629325258023853345468692
  37   0.828364281469629026712052570073  -0.218437175233199269298685579724
  38   0.626981017237499070396539760400  -0.010603056497876882066850020725
  39   0.334620298888487201711320322187  -0.545798347606923743839668951823
  40   0.041474960414548279927790351058  -0.473487417350012052887290721301
  41  -0.591099182283523492145694278607   0.238356219403779310496539679687
  42   0.534989769345943029864871702405  -0.304405715115487760906741960459
  43  -0.523448170118529320693998841033  -0.319290692938237859010041600306
  44   0.114322063335784132439633154857   0.085126967272600677812705781557
  45   0.122075025607793449983331543924  -0.804784438191433390220289008735
  46  -0.526635377445668072804347331980   0.600151809380342653514616601888
  47  -0.283650221812532205667987200140   0.000005151392042118751082059288
