   1   0.223954719047123487934448863712   0.839984903948909880932489619854
   2  -0.867905124138027253492157724332   0.032008257603269086030973410072
   3  -0.380312398099159261948503304127   0.779835977192594865917422288957
   4  -0.691820007455357586140815308111  -0.522115748140554237476892277667
   5  -0.195767158857565167554030305446  -0.843302146236614917789173630919
   6   0.691613655097396089757956685588   0.519199985686919384947755336588
   7   0.083161336113361729717925227124   0.293331471259125835553835293120
   8   0.134134114502817997319833322482  -0.238640545259622104552459138922
   9   0.861493429701538396933171536338  -0.012806033208010804913249006225
  10   0.673291947158911784268517389892  -0.535700902179540047463275296741
  11   0.233888453243555057769591946604  -0.506031464709810905891722460723
  12   0.807973336504950804028257917182  -0.288223151053075522774973604368
  13  -0.598189007269428400507010630851  -0.021929439802476272611212133204
  14   0.812419045879726310577182244949   0.266356600028665761094377507852
  15  -0.505462783580110631872519074336   0.253015698542242042050424719655
  16  -0.796190997842649852015576992142   0.302460874097376410030789915666
  17   0.127921873524124862959389807950   0.576133748449285607177602844611
  18   0.472049869361071963696530007062   0.704402250906168993655088694198
  19   0.444320812125230137197359552537  -0.719732062326296705085441212306
  20   0.579238229068272809663449462336   0.075177144357839755839598005430
  21  -0.802656961158328057452367654393  -0.251067071372164460979792016476
  22  -0.457975307081171774728636268952  -0.702043223526960497978163831197
  23  -0.483884359078172907499557676776  -0.308417331412942054039747989786
  24   0.255828454084926498953790624853   0.042058583106872681214700778296
  25  -0.078710016000316910609661598651   0.823825122672335476908362874418
  26  -0.600627576634464892339077371737   0.562518516207370344163518099732
  27   0.119452796998789326551961998628  -0.808589318159716545354519923500
  28   0.399475970964048489006937439806   0.370693955865484583998041132296
  29   0.468759350732903662419142195749  -0.261712166989891292324944617162
  30  -0.222481859497536452901417049387   0.469680270376798186741779245338
  31  -0.134028507645189028444324336411  -0.486146515962785065818512074785
  32  -0.185447893498961230548352714964   0.000000677512132463756903881080
