   1   0.002642156356459364123815978968   0.896020597692871117834716155216
   2  -0.422834508217403308144858780760  -0.209278406320072998639508197381
   3   0.893214477440734035572829184800  -0.059169445951812617315844138229
   4  -0.146818446757484725187424724239   0.524955983337094480701559199079
   5  -0.819395770896590241725244832402  -0.358218063278864745921863150368
   6   0.453292725933844436571172407070  -0.118680403844222691824227484579
   7  -0.352687158655067339525279739141   0.575313845029170069860546678950
   8   0.445845510536625295997459671831  -0.516666858970726765658160860452
   9  -0.516301917988015077195543377358   0.436682838998067948959953502236
  10  -0.004426780592735163657603980767   0.683977582402345837377239726099
  11  -0.662331127679540333685628192372   0.596402470798524793497179098381
  12   0.528330991755200558214585483900  -0.717105526178974665999080427461
  13  -0.633268424459414762184855895000  -0.249473919737800811256499770786
  14  -0.495654309575375105981955792800   0.738689828432989761425231517309
  15  -0.246223085144518324180219446963  -0.085910511713971550806284800265
  16  -0.303703675859579562840553367864  -0.834808793974749181268713314607
  17   0.036669572048328697748795713392   0.092642159530096816051411924253
  18  -0.874139823490512660950176421097   0.150580547796829525529708406039
  19  -0.700701895715517329742320181127  -0.542747545497221941943618777619
  20   0.137451355169440211131809801876   0.512212448461702020165663783048
  21   0.524824914379352912287688522764   0.343895381211875900906993725099
  22   0.234881254249236405669933656593  -0.589254677733036954637681543782
  23   0.552547445293104894717755518677  -0.319215076377285261711869813164
  24   0.670890311364317993538200455065  -0.066348883920552758428848052451
  25   0.370620330638210760696127211979   0.519464203569191258333291487845
  26  -0.190645323506697348675171542650   0.137760607809565644432232014417
  27   0.322177145103073853120957172759  -0.818440217472146351826943867517
  28  -0.296104843945965539083679755719   0.354329677548835601970392165899
  29   0.536428015207763105578559393008   0.694405888203106691654180291835
  30   0.501991308340224013381483627699   0.105966317669753013076340303507
  31   0.239969168123680134189920163083  -0.029603750117665315991776316852
  32  -0.224454245392973573788259489337  -0.326788455527413336005836375597
  33  -0.028016651050305314502542018178   0.324059530558646515345762519955
  34   0.706637517597180962936005830757   0.509196276084759240659915376124
  35  -0.480467075601580696960100802417  -0.437085070870099759473500825452
  36   0.684732330617868176552615234624  -0.532984961290485856857672423466
  37  -0.509359567866956853416283773090  -0.700212719444481717135245584196
  38  -0.776027215301633163612225593843   0.379555790435296992653087991001
  39  -0.256283785453486940979703901022  -0.589362795868408820249779380994
  40   0.808898523025781872200458739613  -0.289818558367143520070458815266
  41   0.009571175595268540825824204383  -0.460707328982922481566791477392
  42  -0.846694538363309216813400993903  -0.107462537376331561603462937860
  43   0.001790718767666970042604791953  -0.167346942284875358590793751257
  44  -0.240952613465130724842715416413   0.810892712891511280440957238289
  45   0.273794154962076268639490331377  -0.313737284751785861382162317642
  46   0.257835909182415352771697986721   0.259589620449196359686494920764
  47   0.256486476186240642905120460417   0.786945829379537730638789027854
  48   0.790287455127925903416159876695   0.209107458619569439549643825504
  49   0.004155880899059669633844405903  -0.802055850170044260128171433538
  50  -0.537120090474637834873290470026   0.102177818392412761132455100701
