   1   0.011484651347128651726015182648  -0.041251300417990566705029288563
   2   0.492428397752753519457657348945  -0.645773624922177875743862118027
   3  -0.123668612863642060580323992285  -0.392118271369174225676648946355
   4   0.790514891567759456067995828357   0.160513651275607651265309378678
   5  -0.316765105398320853234441310186   0.154061989845593426947416309848
   6   0.265258275267300108871779731440  -0.331411777393423098680112321038
   7  -0.348981059323098265476662962947  -0.715677253588983412996164918467
   8   0.120606782307330768060823084479   0.782623115063937827540573157141
   9   0.394684911618397810024897845458   0.068323583223822093496363159923
  10   0.074450976206813730774291726981   0.358141432335868909058546972155
  11  -0.722286312033198010455571451819   0.277325668853096536076210272504
  12   0.086504799508982848745105067636  -0.761028728726577945218282964923
  13   0.705607407327147795497234527130  -0.269286939545796145434758202919
  14   0.522412618172252795138759516219   0.525164236313492393089078205603
  15  -0.344599452578149703078440960068   0.630872007684644872590623822407
  16  -0.622738992858102822283456239774  -0.265682483453795720292985674068
