   1   0.685289806734356534731464784761  -0.511049059583851708894035566538
   2   0.536774486870728670029299053181   0.663862635179631668174120341667
   3  -0.433969911651546731129483673262   0.314935184098726660214509261312
   4   0.134281621909914506719014235679  -0.840598199137513102286833853439
   5   0.146231088072117594765583657688  -0.542006735723606031160414747448
   6   0.843990871435436493011048166877   0.087657255015590370361319040912
   7  -0.167245533320827647845712812486  -0.830366037115916698293239198708
   8  -0.129108442983920714492545662410   0.835552265418507485914375253581
   9  -0.159326482369770687273297786057  -0.521006451263503805391736863003
  10  -0.720027817051075213664116656534   0.436475363825787600187144191660
  11  -0.716620495175344681043922183100  -0.438364814503978214846699824634
  12   0.021833873248569654488062457598  -0.255791704354262633526172952852
  13   0.804704242322367912069857930602  -0.225622432845930108469864170493
  14  -0.412135721490304452488485613074  -0.320082382467422363747752419635
  15   0.522274064865747329269875634240   0.106636610523393699315308979171
  16   0.352976873026687799117869499409   0.403550480138114869255981536773
  17   0.428905668731946124457956177929  -0.703926593454926562396430434655
  18   0.719613557506725556893242861492   0.394302673889446968448894920487
  19  -0.464132611926286178370657155172  -0.671489473878977375344077031853
  20   0.165574055461154420522965738685   0.066684648754539553567291803413
  21   0.214937899323116634107466890042   0.776192135011403504794276219189
  22  -0.441848718181122627746130901755   0.664720577608148070536434224807
  23  -0.232341264715436240235235711700   0.017266150642580070351906275260
  24   0.407152800925194590936232024725  -0.269063012002728196727642193116
  25  -0.060479092364643924328916292064   0.436888156545102570253155975403
  26  -0.721536411459257571685975696973   0.000006544244215047665927859645
