   1  -0.249581175173433652008126105245   0.854637682218362362697994518187
   2  -0.886083095487529869488204264926   0.081692471779732296295502533743
   3   0.667114942621021319531813638782   0.588108270212785817556901184129
   4  -0.522692588881228251266033670431  -0.718872649519880835229026882858
   5  -0.064871762587995983184956628919  -0.047629041032068408006224371408
   6  -0.709476054775287825734427842112   0.533565566007001261597341201838
   7   0.171207674234660432771750376159  -0.330062430431712542345668169083
   8  -0.411259232997466883812110726284  -0.523836109221058645761564170612
   9   0.877978417122713712011725846894  -0.118615266900793991056370384687
  10   0.062888830517678533028007042780   0.652483749943842657968573350077
  11  -0.050011751416378122123364765844  -0.274186154063202367915163078046
  12  -0.417645531682786138030584148423   0.174022133476322207370442965281
  13   0.613369796001237097135569241128   0.214026776731778504245533773531
  14  -0.565180784734198771715441490555   0.354867748985283945808783849351
  15   0.284523728835835936277446953727   0.581183219011328979056345770899
  16   0.160690022236424534615315625438  -0.095830825983907638716371432433
  17   0.563464644734207229365007259183  -0.676290770590841730263286811147
  18  -0.183900203917264009101555327847  -0.468408330539525753212796493073
  19   0.064546946054868676479312344734  -0.876164319744827856456970588861
  20   0.242055083242358096773397357677   0.343646050288316980217305009549
  21  -0.017596616292210396505030618917   0.876478044627865161480371060462
  22  -0.176067474566182469121123213643   0.632462485464250832826101504677
  23   0.785767928889015786164242206814   0.384004902623197543374400470314
  24   0.477881394399323665219310784808   0.731137865972066079143700020199
  25  -0.174085057232012529481094104772   0.165462318680961845007925486983
  26   0.082891312726802042990515190203   0.142865187625398159745835067347
  27  -0.645620965634234090471569269675   0.080815200345367121901469284704
  28  -0.810494475522276555173976974159   0.311458651396437500900501326221
  29   0.483507323585222801704666673605   0.427557087051313532489423281812
  30   0.236769201460451665337628837127   0.832109153964379385256470384496
  31   0.853413193675293125205625403231   0.130838403162090639026421503237
  32  -0.315143436219322778705919594976   0.409398949771596304934163492592
  33   0.634785006928718322161284136659  -0.042342959432314757095697929410
  34   0.396593641823961615148250140805  -0.209305707638739323529460672865
  35   0.368086202501581084466130522618  -0.497120939728604432351901283723
  36   0.320195637972309681287158429665  -0.789341580805368168337502935341
  37  -0.025429091402766513015554732529   0.401596601610674947591770942776
  38  -0.678827735554546735723386553972  -0.503350782331302728092819455401
  39   0.366468475616307239317282652617   0.091143562331242423753667600657
  40   0.073143525104828475701611694347  -0.590743055635557849924354518423
  41  -0.466996518930759608369269335813   0.678440015554879140042288102970
  42  -0.799080495840975202091027766448  -0.192966494035627661064968819043
  43  -0.228183130363751894427272362626  -0.774289767071225895683685075681
  44   0.698176197515797398586940165730  -0.381459704475147836888937432604
  45  -0.386562834463877119660625142332  -0.176469269145681355871285127125
