   1   0.161277652581773278356796664028  -0.934254148275754553506923064570
   2   0.141173436416957423780138132394  -0.300519435257299537484829548791
   3   0.899985425829375854738158247444   0.291813762506293592499453349941
   4   0.602022398986339049325628211173  -0.728388512881580256131180788831
   5  -0.500495221487921463581993627840  -0.649000907975226533796573789013
   6  -0.758695015392757279903278110768  -0.559642127814591276039648343503
   7   0.324202948297410047195014661344   0.408158028919478092118298646719
   8   0.257148013718831070795077423536   0.505434257272999364346463572186
   9   0.213966570679003548072417951714   0.013800645800937230862551262574
  10  -0.793063202309061964314842446243   0.499899254290812360678889850495
  11  -0.541458349839226162488318667533  -0.763391924114654838319272179593
  12  -0.303532828589055169103194313937   0.883622395998427088986159979610
  13   0.836428428205817858476471772828  -0.412373915189685239712713754370
  14   0.336491133985676276742916321745   0.281022906194144488082640435153
  15   0.314091495773000000000000000000   0.873863842708000000000000000000
  16   0.727048805040362622417898408740   0.574385073705949937559551176042
  17   0.470098836122697084569965927110  -0.437562963486464053987424219215
  18   0.456011154080866007943375792090   0.371977817197259235723595583843
  19   0.609834029933831308033110598432   0.413129941479553278641440561891
  20   0.216641044411068368254297655835  -0.186378097960706276314787103008
  21  -0.643741557598594260257688323692  -0.647125920595373740820267518105
  22   0.225912897177633221475874180114   0.165228323198973217090030796793
  23  -0.674662942771018804272505810838   0.603504942824997642162340694024
  24   0.108329059919061268053172641799  -0.449078289959178712151129304403
  25   0.795076775190209269992050406138   0.410193839759784518512515176596
  26   0.299436642806825039168427412138  -0.363812379571766770696072084514
  27   0.155838458535765066741087767174   0.360413779781843889226039903439
  28  -0.045229549108055671835258413287  -0.611450421612952841445459147332
  29  -0.011137371140366798649489605515  -0.866667059919171954005552228789
  30   0.665904740540679310388887939977  -0.537638369797923312880366597973
  31  -0.447120679387431807834173967059   0.712654562683283527559456746929
  32  -0.302782527238968390353311292331  -0.767829492821793462509780835617
  33   0.467897790094343271218931612483   0.652360910623999192658588586289
  34   0.319098081135131340334973200051  -0.702065584521094215368127680287
  35  -0.001435196071369572731154936834   0.721411599967864376714859451804
  36   0.636009895601677929432680549076  -0.031144720228457439711521569382
  37  -0.422885346059163556892510077167  -0.021101552309433873576431947691
