   1   0.143907319111797609800231222979  -0.299176000331806091157994470761
   2   0.896898415922960294176112323423   0.301129454910402945173454049078
   3   0.608612498464057238652812285162  -0.722874733609385394514310504713
   4  -0.489432141696079264096316246284  -0.654024448005275169851374319711
   5   0.251554945084565743521710325886   0.512772540466391623723840125654
   6  -0.750827379514090259886677067241  -0.568146055923444362333946315456
   7   0.319911107745268665523434276336   0.417877536114445482997862497686
   8   0.213890018436492771089397645265   0.017705745596891969433428324588
   9  -0.795868471311751265740612072250   0.495313307320516863803978776964
  10  -0.311221069819806585254357272376   0.882616797763148761053873977794
  11  -0.531550141071434522298787900114  -0.768340475522746012871116488228
  12   0.840543540842275552968853167826  -0.403886228933039192641088710039
  13   0.333751588150723593028002263748   0.287319268141242331807055438388
  14   0.304608308789345770763216179253   0.877198051626962774884047506777
  15   0.721095526613343926740071944236   0.581814655705670251781211285987
  16   0.474396811284955517036419830861  -0.432786656783449233139536487608
  17   0.451573830285187753777687829457   0.376516746244698118026966969348
  18   0.605060514889260761661286858985   0.419042170856743452154784565036
  19   0.218443567959523445792632832183  -0.184386984367184263489780251971
  20  -0.633175996516554552753538067234  -0.654044002305224987552467550319
  21   0.225469154019206538827520511269   0.169195252069844169216039166057
  22  -0.677938553966754902736162491523   0.599685719307363267092570527125
  23   0.112826684712692630684316543901  -0.448149389632946223954056357406
  24   0.790366504954941284283601193656   0.418099817978932759033067634140
  25   0.303078846536850425712877511080  -0.360876638077097288546703994720
  26   0.152242174099659556114386712047   0.363278142617024572312219705990
  27  -0.038403992825411219820348692160  -0.612761318060394955076114279782
  28   0.004552061423927680603325317715  -0.866696185664418950502396066216
  29   0.671252968456009029138923675947  -0.530892795394252427522568904783
  30  -0.450828698852668480044942867113   0.710226635981271553594330923140
  31  -0.291207543380501016019899554176  -0.772257338693477627637966371645
  32   0.461094915194173142914447693046   0.657131771985428809911155274728
  33   0.325567464947974021435486486131  -0.699031314835286788682494993753
  34  -0.008848526479212040506100071771   0.722687589469462266855786029764
  35   0.636213013545961624153976639298  -0.024612742925828683475325645710
  36  -0.422576980781032660295471922357  -0.024378847384006713523200715541
