   1   0.906414004833436979953640996401  -0.172356931029277338277362914099
   2   0.861750841356023990825638002566   0.322484442460781111227429433040
   3   0.574012654636362791717837191543  -0.715466206674725478660987794303
   4  -0.663694447865736162433621588120   0.628548291490959243045834706097
   5  -0.150855120150931482591078996323  -0.625537464297374468344921574596
   6  -0.611677476898612993524972923364  -0.669270098570284573875144849466
   7   0.215573150039076222622916203625   0.876948029180247251241724950058
   8   0.448618717242775133147642301015  -0.580612293645247948371302433089
   9   0.176418991618398946335351388268  -0.875949496771052407784637407792
  10   0.819516615940530695193666446372  -0.340942805296850980528358116037
  11   0.385912079758098828800889707089  -0.791899754025121457695262360020
  12   0.675636545666467208388948645035  -0.532100458152040963226570945508
  13  -0.464803888026433161680861770712   0.727799622213552689863618957049
  14  -0.075807012630571286247167103924  -0.849473886430195714338329079846
  15  -0.371119921480901173179512818384  -0.752045601088525977220626271842
  16   0.818928720645828996515839771100   0.067915573347535995959740561349
  17   0.134318070260304870800768238643  -0.571082528249552134707053538827
  18  -0.094147803744716798984403074241   0.760244661653446297449554736226
  19   0.440712087595089186777406741042  -0.196063934899048241744572145873
  20   0.431813526513286322004976988860   0.457641027840972379710085412576
  21  -0.411398743954256992265338609471  -0.000000000000000000000000000000
