   1  -0.630307468226511997618800679234   0.651133595939759921590290187107
   2  -0.049401735411884766197918680182  -0.595327788212127917660050694902
   3   0.302922304070143103701135401247   0.844839750883842377633484313223
   4  -0.564608298021523044795051005131  -0.690519185527389986074453925180
   5   0.302223185333457473174744963452  -0.054550179547089360407836823784
   6   0.873754198892716784070360101115   0.101487343311071044577193378292
   7   0.340217158385917277180163249208  -0.802601079154494802770810351104
   8   0.561219170929682729637832398685  -0.654800452110825227315777185850
   9  -0.407549845423726990705365145355   0.747243480908157556674605637929
  10   0.051141935000591283363152051598  -0.835736803570591675635803150553
  11  -0.286142307432469545810397194609  -0.767973157989197644128862199993
  12   0.232596432372113305229326379760  -0.488653499781522887808713603634
  13  -0.022449471254476079986787238030   0.750520788779676687480215970062
  14   0.655574214886911124723584967145  -0.241611728063120387065996075705
  15   0.479085245238640044236463366960   0.400966261414864897361160348128
  16  -0.404631425020085878837247930488   0.000000000000000000000000000000
