   1  -0.329878970952512675369473798219   0.894445663846201320570093850131
   2   0.636317029957110189152477048306   0.264075503012731009275937046859
   3  -0.821185157171417230442813191414   0.481290032930060788137752992369
   4  -0.516990848683838656092942190286   0.798238255193257495828578631724
   5   0.583470062706631670664179790108   0.058011244497221501293910991854
   6   0.336754256161248669315875314781  -0.560917574026610984975311186327
   7   0.182862784245000000000000000000  -0.144978739871000000000000000000
   8   0.418136347735001189345980451773  -0.482386629000740721141846679356
   9   0.411148032592000000000000000000  -0.852348191581000000000000000000
  10  -0.496727327844589111219544409881  -0.623952191056123506980237710089
  11  -0.301735790386913275846074773874   0.796062368572438575106211618470
  12   0.173134684554013001280221366369   0.927074613725580461597368561729
  13  -0.781252429753000000000000000000  -0.526082528539000000000000000000
  14  -0.413121892768096788858542847151   0.828851015819161587656184363651
  15  -0.120231309123440859966427084817  -0.553791997883540217380905101283
  16   0.762277220663000000000000000000   0.546088437174000000000000000000
  17  -0.093378172407032685227033636374  -0.931694952810372741263825331641
  18   0.722555031373414550652087881436  -0.593008077510596940747428609970
  19   0.212023515597036786849773341755  -0.029790199093605570242426128358
  20   0.561312190153912585649422092678   0.175280493788889336887502671203
  21  -0.737219410365471337311504714020   0.565590417552993558908244394867
  22   0.908758833886122758690416817167   0.183200458261700745576960029053
  23  -0.552918928529213089454007000662  -0.741142958126418045391900772036
  24   0.001717075929401563164817717715  -0.488310898635475075130750276591
  25   0.215875532903983545018618046390   0.117579513405548855441869916212
  26   0.323111545737923283213290814013  -0.131137316337595241354039691724
  27  -0.196614912840782906299889864821   0.891962026128961568628505020785
  28  -0.665817754034592821325009440813  -0.619815271702374698306902534574
  29   0.905693455087583736555668712147   0.016101489349210431782663035310
  30  -0.393614580250064184427854586189   0.672145629915231666368985707362
  31  -0.595747884696367284495770088374   0.667583403606003580734588114185
  32   0.730391755344588403946205547858   0.119316051436247600426871335515
  33   0.005653645274664531113430288603   0.884189188841361578346975197423
  34   0.410288449586629280398155830084   0.056362595193213035771219946535
  35   0.792671267463473230110429020538   0.352786594552868949373622395366
  36  -0.151670108467176093133173835057   0.665186693984093058045526133969
  37   0.514106592460599150182140575111  -0.668706497764728382686884987070
  38   0.221757466627054529126683993921  -0.367129920656571260013188671103
  39  -0.281848335970862767807290478323  -0.753120221649989870021631108546
  40   0.141252883793777876182127562474  -0.759695267461629108793944761769
  41   0.658462146330063095525795659711  -0.258500344067019045801760930208
  42   0.337173624901518806839505044620   0.541804679113171094387672217772
  43  -0.426910006992605238259961301960   0.001655170930308074001207307259
