   1  -0.534165479486376219545719927609  -0.705419261275433282320826847999
   2  -0.493634645928187794240273147470   0.725351426788872197475760194455
   3   0.162224124780059124188585774644   0.854701966782379075768972741835
   4   0.314578739494056820131474062545  -0.219466600120918555236527361949
   5   0.418213582280694258140903609844   0.738967834721983692902649159106
   6   0.136794452203855235076785424233   0.559151566363035416226226977641
   7  -0.245551240385234687255684018035  -0.779437450883811524763591173533
   8  -0.164962787464026191066892447326   0.776240968646597883827960581521
   9   0.657080760561105432437878027806  -0.382823128649629956145359662039
  10   0.216008570774290901417831426041  -0.676159966522983570300620723332
  11   0.574913620333926689983344648762   0.231476289368534290024742969870
  12  -0.396412368739103586514724763498   0.000000000000000000000000000000
