   1   0.806939973502839696585141094104   0.491840606705295222697162287000
   2   0.162812309539528886880241888909   0.461379740917863323145430761132
   3   0.197285458788423920700584915840  -0.136819953566037252822550352965
   4  -0.034153755240226990949190079708   0.940873555856154138867740685605
   5   0.717411887415342921116361208788  -0.058102339535204329993887245062
   6  -0.764628628646341677292342026417  -0.544608362425187011969478793669
   7  -0.108250836735066985960952053091   0.790871294736016004956305523827
   8   0.467720572560031854843233013976   0.810622067594228465624262017464
   9   0.174665997166088917818868059353  -0.917740771081161471698028091745
  10  -0.747458951969334593541018039295   0.557440545868342144499456810765
  11   0.788193149688470658816932579366  -0.494756227026027638912115090220
  12  -0.161332704478360877299833199507   0.914448055276282101391652195756
  13   0.773504921050506866469847301883   0.065157895235150084793592901883
  14   0.918386464974300583234150133797   0.102863961183448557629576759429
  15   0.144254898290176596624671848864   0.328263716528795988576186363254
  16   0.026985856173250886798015296353   0.480226017539452332404778366977
  17   0.639786404107303496966768241474  -0.181202268207374915369224667070
  18   0.305990164731503600298481891087   0.454050838747732587023832685048
  19  -0.206720751078368385493518725660  -0.885148049585059244249141314878
  20  -0.640368506268361648472409944360  -0.639420188652485957473687511420
  21  -0.112432863999740790217769366940   0.600960945740061056159402161284
  22  -0.607689016490305774562301261325   0.657746405593675091235977152531
  23   0.886177431963198053952771152787  -0.080371667476148001586969311588
  24   0.000114566561122524335918854837  -0.864005330439668003810025303306
  25   0.809535773898761584986859497909  -0.302155052825907400032153961813
  26  -0.128902079001425643000735940242  -0.649305417885894557550082673402
  27   0.804155308298804038923240159321   0.292618424095725686715337449683
  28  -0.406955679202320830442941533505  -0.737235759267510968015693123316
  29  -0.343523930150799629948203187152   0.748642235463228436047286660119
  30   0.566560658037333295037096609300   0.568563697866085980704634934534
  31   0.180546541470536693305813645020   0.749564409236502055122115399430
  32   0.424489582204259028270567272599   0.109150129796892873599462592944
  33   0.355379663284529423959199202841  -0.528036359487628131012263448944
  34  -0.422960828254768204818578784037  -0.000000000000000000000000000000
