   1   0.729458570381030272773819657377   0.487728232500295663150987965180
   2  -0.467963888530220216393149797598   0.732774433809891926823177827607
   3  -0.405963083615910647441772095509  -0.756452792115071284419246315715
   4   0.371960294563908067518718218686  -0.762640788135385335340630685502
   5   0.619608119232501193436413407765  -0.556548289254575070993033106689
   6   0.264863435741661747081296021943  -0.445222179743386868603287061141
   7  -0.133706731364854583852491686480   0.781412921095089776899045906921
   8  -0.019981103465591701246156031023  -0.759267556968207442992884886417
   9   0.332711094394372639197517997582   0.605358701046535091067146070236
  10   0.618264814150727669745855891723  -0.004090380697280901907074698809
  11  -0.394054642953954468129765376362   0.000000000000000000000000000000
