   1  -0.639057908615625504595132283121   0.647603813142369553491446861402
   2   0.720737892888430434072773202311   0.021573360309400320629968230770
   3   0.288532100742494332736175659279   0.854834961249833148070329417715
   4   0.814524628811446072419001259254  -0.377525787259964515449920998601
   5   0.879332461030086193211337490866   0.149051367796491500884763210882
   6   0.675992022791668321508454799687  -0.573561792935390911698055726453
   7  -0.520720568588410055731140821094  -0.709097232264698878455934025394
   8   0.858768360722588462304383359406  -0.151631893718922765825653939180
   9   0.127285294411062038332273565042  -0.853300906671131530987984976125
  10  -0.416351929057570507337222473261   0.742708942529240767396787573834
  11   0.108158506755706580776024708508  -0.554361131482641262634829588427
  12   0.413838135073686379323750043641  -0.708074689420728639258751360543
  13  -0.202885729293725205028085992432  -0.770636283974728630943100351018
  14  -0.032631283081558465379194080388   0.763532743931018869971610838819
  15   0.450439593999147307457035317340  -0.244149725011693293183360601069
  16   0.468297040648838176578136703323   0.415237539095547870136454828016
  17  -0.406119689473643117494564188676   0.000000000000000000000000000000
