   1   0.914072754148680100698627262331  -0.198428359792709984493608311321
   2   0.121730251796567803298381229912  -0.925746360081178619862892684119
   3   0.223565140509602011600097479105   0.904746961690813715906664077524
   4   0.280119276171892725782198265706  -0.468359750113824597803176682162
   5   0.902828855153384347794541126764   0.214974997099030300853926330555
   6   0.579636702788527747473183056823  -0.722027974647885015189787806094
   7  -0.710975325768260361161403711126   0.589491911992870515723972083384
   8   0.077152042965729635995220463066   0.917808913255325162548648643771
   9  -0.083468509627293368172412186603   0.914498091623949500116158748978
  10  -0.679693233366121978691914764240  -0.613019269594361119378375022504
  11   0.737214219763733760587148394482   0.204821121231468661252063896481
  12   0.002828516044531339098046183569   0.764189069716747176022498050704
  13   0.827558835223279382124011107053   0.364695066615621110066944020698
  14  -0.072399267022250876380852124970   0.587663508526164547828135571906
  15  -0.563277792558988855857271784463   0.695233153067052729492349819591
  16   0.223208329666396396361126722665  -0.296639690526935834656565239503
  17   0.093303015565066914026681182651  -0.484746198696958080110208281196
  18   0.588276077195267591808981566917   0.052101844553842315719569866800
  19  -0.486268169462680373364225905157  -0.716042767110351929275481050987
  20   0.854559994445470695929534762159   0.003037678660995453637618143249
  21   0.321081098244268721233270315715  -0.045043485046189604404506957640
  22  -0.289196755807553379089321246070   0.759001899952818284428630371683
  23   0.306943584817197218777946277494  -0.735887722237815739516179583007
  24  -0.123336594999624880183254786220  -0.757701949578230276701892028549
  25   0.615613914555957567752344801586  -0.370098114121180511100816156597
  26   0.386261137348277954221252177080   0.501843286214122327645546435523
  27  -0.418261573603261564914258772412  -0.000000000000000000000000000000
