   1   0.634498082882000000000000000000   0.265097748840000000000000000000
   2   0.585655768830100768164679384587   0.052559635899174269449216620383
   3   0.181327361874000000000000000000  -0.144398152802000000000000000000
   4   0.341975468467000000000000000000  -0.557432024394000000000000000000
   5  -0.808949236726929942642512147793   0.494884643203984181200725996650
   6   0.426061105114000000000000000000  -0.475964841035000000000000000000
   7  -0.479673366512919665904737284339   0.815804123713973303745463627547
   8   0.417147549193000000000000000000  -0.848225489809000000000000000000
   9   0.168350217136000000000000000000   0.928850492087000000000000000000
  10  -0.082141761571000000000000000000  -0.588426799805000000000000000000
  11  -0.498189206063000000000000000000  -0.630191294688000000000000000000
  12   0.730160973709000000000000000000  -0.592498823745000000000000000000
  13  -0.773230438353000000000000000000  -0.532787082673000000000000000000
  14   0.760065445421000000000000000000   0.548926217335000000000000000000
  15  -0.085438631458977131706929796093  -0.932338287369331724712687255473
  16   0.561998992881440732171701858399   0.177166040306460644811826739310
  17  -0.181781452692392731261874722067   0.915006142851214797921122751712
  18   0.222873690462000000000000000000  -0.032737246153000000000000000000
  19  -0.542956431439483842590768123398  -0.753880786758535054527180508200
  20   0.907921119473000000000000000000   0.186591155326000000000000000000
  21  -0.717540750844531657055760861085   0.583138356018723862504598343220
  22   0.006763879457449552699961828493  -0.487032016791080930920937197488
  23   0.217273618619673310202826684592   0.117916997029588867052082026246
  24   0.339673220321996148344481596774  -0.133240071173273867224186912938
  25  -0.384807365740370643251070028432   0.659346743785738283441201118981
  26   0.909312504464000000000000000000   0.023099375403000000000000000000
  27  -0.651427950979196309577562539145  -0.629164835733956817581025209620
  28  -0.328960085632877478042188875114   0.838463810667072220770884182096
  29  -0.573045968533245727653285457689   0.689073381656980237736512749070
  30   0.727993049910075153779516555217   0.122304751579387669331015202760
  31  -0.001305682355240012938643852587   0.883988897411946894740694383929
  32   0.413181538519191367121997735647   0.060408923284839454082011096406
  33   0.790975404724175912607224857572   0.356017633323059964034322449007
  34  -0.154821117630730977587997599360   0.670085152226981053886648355402
  35   0.520771981969933861936478958530  -0.663186195534668705902944969229
  36   0.226406876822665551525107253264  -0.364244985714355921260806852139
  37  -0.275686602385951916756130379219  -0.755038494911043307868042202855
  38   0.148184189661133097947163864409  -0.757974951610930625149815220256
  39   0.676118665550980243287523371121  -0.259451729113710435094334587056
  40   0.334195551640074879091658257210   0.544156984115756967269459186486
  41  -0.426292789568242787742019162665  -0.000000249879879517588536846132
