   1  -0.233579765166134884186079979906   0.608237765503686281767033516468
   2  -0.764705656093590067597667143702   0.548567013802781859134830434566
   3   0.521517004832950620560257474084  -0.045710292810000677308302994024
   4   0.805104592872665237510260421283   0.481590090317864860180001512617
   5  -0.184563587049313987147197980394   0.741867452518964625220354279622
   6   0.762272486632198933921936363105  -0.542520478612999434777114420771
   7   0.453904334667741679290159602365  -0.360475921732925653808781116336
   8  -0.439960607081504082182298675590  -0.821924370612520649465403683450
   9   0.197477467404848679002365100109   0.909211638697510860164152372609
  10   0.371868418986557742751494571994  -0.850515374701417972179308390300
  11  -0.722231723223841176056980045267  -0.579937712027893817548269143101
  12  -0.227748435447831991663610264924   0.895350193601619075260292274798
  13   0.429892630304983155964621790855   0.066205734514242323742284994514
  14   0.129360414312468315904477533133  -0.368507438371778560507674552315
  15   0.237182031028457619328695664027   0.085143602827995304046592673101
  16  -0.290625275090726558038198795556  -0.864901020485366447296607700402
  17   0.290965818757009977203246117774  -0.429837299829151166232483607853
  18  -0.640299928700592749702584507010   0.639244164089247879036505562106
  19  -0.076905364730591876942242727240   0.620108981048182419193732569966
  20  -0.339155316526725007265743695171  -0.678822214740430694845757808885
  21   0.888106669227727059123010059815   0.050355360962935728997866469126
  22  -0.560925503231597178717647919886  -0.681863607437539155357493573623
  23   0.638991417314808623255580285084   0.097204937413308039548938734059
  24   0.818153310550587274543018155280   0.284413419324018457408874792964
  25  -0.009945477451797096735307235263   0.855189569407041386322919023287
  26  -0.406526530656192019528181094910   0.737098106859564964055469386229
  27   0.316019121965615839975945486940  -0.162317059237945165680642475980
  28   0.510707760551026692788648405111  -0.618345753160158238867070390309
  29   0.728476098001824525103433857949  -0.250121484522928608367213986325
  30   0.045203294275036683028505733853  -0.719546235053423834004855354072
  31   0.374955521575439772252283653016   0.512782818009740992362867215837
  32  -0.420989592838528495736323665492   0.000000000000000000000000000000
