   1   0.892860161820343102047917341163  -0.266188516510156351769655153634
   2   0.841776601120069562649080852627  -0.394917567236582139215280878173
   3  -0.018234568497178156926400906930  -0.927594944475407801594063047089
   4   0.128020454949710240938223524838  -0.916588610566067322020709335451
   5   0.915064038757486920132226680017  -0.122864027231892404967639176858
   6   0.845365509928151160745734604299   0.364852863890077953193057923607
   7  -0.234052324343399094213158669522  -0.640682663572413149310725570035
   8  -0.676238508697869342896060430522   0.616339580390388945752824806629
   9  -0.658077354395407201098369693696  -0.630663347160388889454883372172
  10   0.192527249812938872431407871759   0.886782451129377556677189499336
  11   0.157781078794310953052222840211  -0.365842418889186983259675479476
  12   0.267729076168780250087886039742   0.033230589733243557490393201856
  13   0.734713023240606236406256434959  -0.193783095165730514409593018068
  14   0.296411373636301329450938242810  -0.837501610235129362581464123760
  15   0.273532062911318585943837634354  -0.185646166261951888723735868241
  16  -0.200844505072524025497615137975  -0.850796181859243728310772392396
  17  -0.481471564736916954855196072929   0.718647877201964761161131934171
  18  -0.444078414574216541742665097047  -0.729459116755457520268564087144
  19   0.516372317693359857500062238284  -0.043217258529168822639270569608
  20   0.815689796781902393598959642715   0.110450683298332032217043341058
  21   0.047690795980373296616230296154  -0.640536794776337341463648331290
  22  -0.116994768705209908504325083963   0.759278878743645466328467332852
  23   0.509449381234493122314943928587  -0.507711427546489455865485565376
  24   0.412916444809458932685854440763   0.478596625382988972480204687526
  25  -0.416000565125016357443316972506   0.000000000000000000000000000000
