   1  -0.046095437805619276798729901219   0.505117740600716043353382546242
   2  -0.806250335271510558031991252455   0.512799239230268438077446017360
   3  -0.858458373212030816335709043324  -0.418089110778358473051976471189
   4  -0.100868509332529139685614982381  -0.591820054938281136378342613942
   5  -0.178417875597958872431809289551  -0.541657088450973307213282419492
   6   0.940887862929684033912095774533  -0.149753044642864773141798954287
   7  -0.499457125966350498906090273998   0.810384434773835109771019930226
   8   0.655544610155813238696935821197   0.252958742717729176313793360992
   9  -0.299861804469350145445644559015   0.901788720273611328375470286057
  10   0.595966863832870446187462535523   0.030782839049265711043996776109
  11   0.314028851187942304966632747088  -0.572525177332798539405402156432
  12  -0.805126281600628183710949546191  -0.499745187363580798992483691786
  13  -0.276830038120205975885347444818   0.801354055511859477763740832895
  14   0.372234758291099781997055603743  -0.869220444407099843884755575949
  15   0.207142274976000000000000000000   0.921239354356000000000000000000
  16   0.393942138021659702382866443497  -0.498502767678102631790549383532
  17   0.178394602868194337455454512686  -0.145684002707571521464476020208
  18  -0.530538388528366186527884801249  -0.599167057875852693184995348649
  19  -0.398209020284255603240681654639   0.849693015383719417486121986748
  20   0.778344886038870745359422860356   0.523579442722865568047697653349
  21   0.695905428924038722929178788195  -0.626675026796576428035291548069
  22  -0.135337572422490785356016193183  -0.925072832762480904325424612527
  23  -0.724444649153537698256403363174   0.588251523962088097380143471851
  24   0.225509091097110980477466977289  -0.028144444433774518463419205700
  25   0.577740518083673366559794711190   0.162320774514520981281461208166
  26  -0.585344916648373757538091690130  -0.719149037537973941480962523679
  27   0.908744524920785263247836489506   0.172462346542085700199069970847
  28   0.214192583870960386370794199725   0.117704209303411557717024744769
  29  -0.026892247515351263937416437181  -0.489775175266557004395352480603
  30   0.321231664643862029486571529873  -0.151033299786315561091067991629
  31  -0.163844989384008987256516631130   0.898801785539087284988411250360
  32   0.909908643170508801799664728377  -0.016077249006456510399925986951
  33  -0.688899314880792489829863459260  -0.588581196189519666368710910014
  34  -0.380973261762857187530689865649   0.691046303589496952973317374375
  35  -0.582389910975352477299628818283   0.681825726619919116181417977477
  36   0.743117833450988891801980647077   0.092311303837678200412333777149
  37   0.037451812518295029648475718884   0.883733140872613894435096809773
  38   0.803569608802064129773598694203   0.340318153428190158420026892690
  39   0.413854139534383075737125427267   0.043169116755115629142393035241
  40  -0.129116421278144052302486976106   0.672276384919139341883978862881
  41   0.484392719339503798451702686358  -0.691061124425016573173111423647
  42   0.199475564394823540660478079040  -0.376372002136276988724138300923
  43  -0.318021080033968581912477402563  -0.739161383767264194499499868618
  44   0.108988195910463911041829244672  -0.765623434346550339408511735225
  45   0.651026298232143350951079098538  -0.289628352259056799602086330529
  46   0.356684299075005494330676424253   0.531634994971285574426798293271
  47  -0.428226668198348541272283156044   0.023249449598971820943597295197
