   1   0.460613992381778931225847424622   0.562392082836590710002474255941
   2   0.538255255560312095723950644954  -0.203875233651989646759146144857
   3  -0.842012854614596493028629559434  -0.454478569194991172333957504840
   4   0.753803995066607634656330287085  -0.588359563428593721912116090311
   5   0.447835398308063757639369138768  -0.674054340461552797875890195779
   6   0.841079000023669650717414337060  -0.141857232001437544373658982295
   7   0.038584070831929718168759057033  -0.407071958404169081044654604909
   8   0.648231524769812791699520924387   0.699340592736649767605705926038
   9   0.199013567987038227161323024060   0.931781325774492418888543724591
  10   0.260428485626622682805005584942  -0.915752954292922290971472179578
  11   0.531041836387347289006071969755  -0.789244371503633552796639293926
  12   0.103095218243279967865322686978   0.944785636530767346108855078404
  13   0.370459372513962616986933465989   0.542046257774749222725495472870
  14   0.520100238761048793040375867603  -0.489216149215831598120041261692
  15   0.453880744547080892592548948332  -0.568908139183767245011760998179
  16   0.453492766354486100670482053780   0.831050590504139520418611153846
  17  -0.801733995050892363597234976897   0.501553929381960560798183597911
  18   0.923268489175383543976092417226  -0.199610512830538849863093559494
  19   0.276973198358340898965927168690   0.594044497596472359874079370795
  20  -0.777562572862708513892591680869  -0.532155262829778823314329128624
  21   0.244478228741483350581486922326   0.704964074447732002938621541169
  22  -0.289704502604020903275565158342  -0.893718249207184399645129863622
  23   0.934361452451679551916910466840  -0.082871354182228076256356078068
  24   0.548860062566393162632719675102   0.758272421568804951402696620488
  25   0.188538818130647300015375780151   0.150820627420213708982638175695
  26   0.710668258020599051442692431607   0.605035243216454313736313148124
  27  -0.245406838775630158068044474862   0.898561923212148116978646012414
  28  -0.383439112431203936363739840625   0.846754294580789119979576391370
  29   0.559976961140091565256455981903   0.619468216094465079845072768586
  30   0.273505782218877232004143165552   0.462662086017114572728823686951
  31   0.336695396832525496378792642358  -0.624340551380099624001640111516
  32  -0.703313394225339383248499544579   0.593012280345337262333950749652
  33   0.223947230727153336160615731037  -0.022586668258420516560107356074
  34   0.142705245517243830291753257162   0.808586030134429232087532381546
  35   0.312466887545434864661854495098   0.854923558865324497523576538346
  36  -0.657136047625205932691256451722  -0.624085109535863214448333779720
  37   0.400831989636381583709040904869   0.689115252534386227729394571287
  38   0.165867619126243386099849349202   0.317438776870877716691495445900
  39   0.374767831403621223928954513480  -0.808635511409778828485727100995
  40   0.604330844714274667894275500116  -0.642568394624904241794668470233
  41  -0.055310973832727134854222616382   0.875459263006311616465455069180
  42  -0.518329764096711345991538827794   0.696118213284051232438560803240
  43  -0.242297577719041824432919294856   0.687276077080716991957999963501
  44  -0.429678489031816937337837102436  -0.726673360656038016586466901363
  45   0.049191943671143901404254867290   0.567245667290521632891434891189
  46   0.724286760724890700547044415647  -0.351502519821125984441336861021
  47   0.297508102459726651774101439924  -0.323333808260344316451606355435
  48   0.000353195741577636158860376335  -0.725989358153608343448117330304
  49   0.611841111684757207560827603694   0.190946144850069849357064666736
  50  -0.430035075262330963349384195212  -0.000000000000000000000000000000
