   1   0.359262857509566667454060086440   0.779354432042090077543233768702
   2  -0.176687910960171609190338712211  -0.744327026755284457529629669291
   3  -0.806578783319506495497342428201  -0.498596968045129615393046012701
   4   0.946231355249366518193293383900  -0.044818663504151896657067988270
   5   0.718716500315001843573635713629  -0.307586993185279781904078251466
   6   0.450749904381095433602502376196   0.830829653695317094349413784479
   7  -0.793252900017645158766266021712   0.512013993853599708483770888766
   8   0.805118390058283897589602326950   0.490925833267436363957037192032
   9   0.327794572313426050725181796989   0.882879311413540436377013975234
  10   0.927539258296440747884714952507  -0.155478835436007967014461502862
  11  -0.380104800582871534396465023063   0.858758309898567143990619672632
  12  -0.293513185300274948491454530618   0.771119165756845599497381412216
  13   0.189831949026945666239906356378  -0.916394503577347920586069201829
  14   0.256332071989133375520832870705   0.447648711779610549383185632341
  15  -0.413777869617305493998329097594  -0.835967374340540575500132621759
  16  -0.252621103217470925354444126941   0.895998093426129917331772159663
  17   0.184479375966246714217534069347   0.212404811109705492434999857731
  18  -0.300990581392067929582816411439   0.635812459846491950611772194365
  19   0.920959001560234988068879591258   0.080870698664867257821610989309
  20  -0.711289365201440344213245297274  -0.586654929451713234647281205440
  21   0.801046515378678231107587437558  -0.450874017371675006887405693050
  22  -0.688719394091424140280167734416   0.604424629075193248237123453223
  23   0.129442419140754975548606812782   0.360480122439642098961480417033
  24   0.861896190898266650072342117106  -0.290378399157700594352184549206
  25  -0.255389201384102068121099875171  -0.868725084215530639410866144313
  26   0.331912614882964396623306394148   0.297009182020988185625505175929
  27  -0.311937938038992345460095750963  -0.669062724355899337331039055279
  28  -0.101232056608496340618604217373  -0.602694571903739877410776218447
  29   0.530310169508380215691547387084   0.213868774984920631587867708836
  30  -0.538616116531987392743806396685  -0.691091739409605494976401742361
  31  -0.496437825183147966817202652926   0.703888356681354605617040249702
  32  -0.017542895905426493478250213156  -0.856155614435446529039002406090
  33   0.796126957343977131993188740246   0.277061033985315258324681036857
  34   0.323324320666858748995292438812   0.010434298445173740029427606309
  35   0.687265194372918314702629404032  -0.059333792852148496119089862967
  36   0.528184650380471944162106735965   0.558533492113224601102349980488
  37   0.039956981248537324272059571467   0.712468625626159713154311351696
  38   0.363819612922603794356195801057  -0.524083581320726444104216573233
  39  -0.425299024467252041703676633680  -0.000000000000000000000000000000
