   1   0.631684927556878485103221442368  -0.597042828120108841308563508200
   2   0.395072007009633607862714029011   0.763510035637687562227207266684
   3  -0.378946470202163806987426112841   0.758848578412451305479219705357
   4   0.690693353595305080548311777087   0.462345288262635444879398272773
   5  -0.247647227835508656129874032576  -0.777632218697112660786472263818
   6   0.313614020740221980788923464815   0.425193884033276674548736989299
   7   0.013808264865894463570409792372   0.758914727289647359173663562443
   8   0.214186107290721559311924989984  -0.663244051473902129686368191363
   9   0.611744175831306558860406587374  -0.084117639628308108706065726122
  10  -0.392819693970848618434186806910   0.000000000000000000000000000000
