   1   0.916786100949546229562845008609   0.140137254940562743499321829123
   2   0.602989786729070807484679612884   0.701779750064768013209798358128
   3   0.856862669459401743050873279269  -0.341901549178830999241166107208
   4  -0.693770017096552738732875716448   0.604744003155580987146335884348
   5  -0.358159113868119459770169047547   0.844790406030030853075432563048
   6  -0.669753981769018709606914318935  -0.622615701781550540772220603865
   7   0.170999482112461852244861064415   0.485853851874126331589837172939
   8   0.554889634402261808700076734833  -0.025590661148355095743810758352
   9   0.202535702879231230479674360897  -0.880398070999693307917826356040
  10  -0.284252997983593174702852728173   0.676710543900060524130653434062
  11   0.064363693505753343195349898151   0.891344666728572883735953292924
  12  -0.165743688416578206512402592308   0.872427778237590634505736447959
  13   0.231232434057994653133858839994   0.287370815595006433175836699399
  14  -0.514325989435486582773112091360   0.706100429983149294677025761374
  15  -0.472707810288375264940014112512  -0.723454144318788084584309048482
  16   0.324623005207341648496894085907   0.038972647752224383633321285719
  17  -0.025587895636567314367154255596   0.638912575829978288753346308350
  18   0.817368602125551732873116619595  -0.089575125524459883902143015733
  19   0.328833240001573086555323623210   0.728515257459532590591828763233
  20  -0.105380823504664339375823284103  -0.759824725735370892959331731296
  21   0.627753816086903545644719176411   0.345750923726574281626889754844
  22   0.421966748102926807455520763966  -0.468198851266192988556273096929
  23  -0.413122733703404059792006716610  -0.000000000000000000000000000000
