   1  -0.045250920345061589653429303447   0.504593477939132520347526020536
   2  -0.853826227224181339895797715312  -0.427273575938783338584764196702
   3   0.941991232074104608121179129796  -0.151488165160196978466337166634
   4  -0.804540775281685861254498619096   0.511507723344157019221205627600
   5  -0.298044862517364157066729241435   0.904815031009007139912841099676
   6   0.573896284209942058519071722143   0.027486602192391728296572401114
   7   0.645726184273271662905528195453   0.237201256111604132437102148010
   8  -0.496876064100255391566618439503   0.809981481423224174413264297319
   9   0.378756581066858182330759933884  -0.862114184211523881402984052319
  10  -0.800807915518153643510060738728  -0.508222951737095526094291729048
  11   0.316236334465379767187986372990  -0.570876332448519275434129936573
  12  -0.273262816405288672782711000764   0.807064339609688367708489746314
  13   0.397149217471321712854298013471  -0.497251833748120996494710941109
  14   0.177559152812006878008812179621  -0.147181534797633838234036158856
  15  -0.011708477315478981157483473229  -0.452335393010367409515340290912
  16   0.206751703853699258862128596125   0.919053919450839530874631151441
  17  -0.526457736567398946442131047976  -0.603033639564250335195221590650
  18   0.784379485942776334381222607689   0.516737660476422774864812652316
  19  -0.391942858931780495854080604200   0.848627611646350271624644309886
  20   0.700447055364400696516476475380  -0.621489856023382085762923060800
  21  -0.129074408396521945535107479313  -0.925855481801013285112330926431
  22  -0.722679352592907453816029926611   0.590210238313815025040391864519
  23   0.221569410680951868102166177289  -0.030853967242298444840866951483
  24   0.568023133049302170765327257205   0.146202782170719081336462926297
  25  -0.578559815945334034349329346350  -0.724456693598004409618013542917
  26   0.913457515670304598015152668969   0.144614616664752696116211227140
  27   0.215453634396747597449053000445   0.115433098796363904048536314458
  28  -0.107148456526444824361243491491  -0.550906327798372587564628969618
  29   0.321215786803544757480037151071  -0.145720961934486869281335777946
  30  -0.163947255048961093996545202256   0.898630129036110768117379006841
  31   0.905492078410738037843752437673  -0.020465335920023970687223659439
  32  -0.683530873140396236088196563502  -0.594546436783197546360908119564
  33  -0.371909330301696686565977383775   0.689306746842861991987164666774
  34  -0.577628338752056347506346260928   0.679704789801718791865978442541
  35   0.738143142559336114969262201661   0.087699327411669196457584235230
  36   0.037445320064009877467004545559   0.880447119373403883380089428768
  37   0.403194758296105073786195515429   0.043879810764149692144085901235
  38   0.805848794392656115442384332321   0.321912616928913197049983869387
  39  -0.131036720833451143635720664890   0.671429967885414756204852131342
  40   0.489990320229052405187919986630  -0.686769479171529681895635431611
  41   0.204917534791862556226783058040  -0.374425162369425565005082179520
  42  -0.310377980580948881519031381065  -0.738301651377319835091171876288
  43   0.114530257124656205449058464043  -0.764414676689647806540561552129
  44   0.650784104243429620539469322375  -0.286448270130405168817380151677
  45   0.358982434030649225680987915248   0.529328573440559632797294602946
  46  -0.427368877285375024332885955822   0.020539278134879959854085451523
