   1   0.170836200246443176568255916984   0.456459970901830882571843799062
   2   0.815544491914704425106126210478   0.477487846427464888953707582078
   3  -0.066269346177706923118522406865  -0.522784150782768206589480968306
   4   0.196001114788405378571590377988  -0.138555316145100971099280024317
   5   0.717650124123033015223193334662  -0.063446863942853888076249367225
   6   0.786782403357494064630641297524  -0.514338973474904076513383744378
   7  -0.767954479635626571452955361987  -0.540066396011726588294226046549
   8   0.181456485048182758275298373361  -0.919693197600999007021110536361
   9   0.481048377666571729138047877527   0.802758611961217511562686428869
  10  -0.035780024863550978263414205112   0.933558676096597052902718752047
  11  -0.742963099246829383785687797766   0.563360329135902664535345702835
  12  -0.169621282183157444709778549537   0.915042507031370621715389368247
  13  -0.105081486996486832862204055534   0.789675455333977101309601392625
  14   0.921970336296645865437112136327   0.090325441349494692091221832774
  15   0.775115884425877247700764691692   0.060080292633244439612163469223
  16   0.144397270035564465646622799406   0.326946550055354594319243452717
  17   0.638733101364537189971956200874  -0.183840218214031738965587446074
  18   0.034432392336634520758868652916   0.476586260021697977709484992376
  19   0.311960733659613450316579431694   0.454218453299902199147698764252
  20  -0.213240040284719435166772917395  -0.883764000901925072367756217653
  21  -0.644506617083545094773862815831  -0.635479024709602347685055627470
  22  -0.609369562813090307897065465447   0.663240357891569154767667718779
  23  -0.109292556183882016324413996901   0.604607876134982666279736646143
  24   0.885262579346617785749356006135  -0.089876460508644052549979053342
  25  -0.143834095610891620799071880155  -0.677136441165668456248876542193
  26   0.001466321940624489196514703453  -0.869377179315981001216667944874
  27   0.805252614684540068747965048221  -0.320034544918799533998980010527
  28   0.809245266541094666855161254183   0.278438185693836716741060540152
  29  -0.412086748320424714359847293249  -0.734629725970334286858658884127
  30  -0.348741472762044912221780208422   0.747964115740539567460238482499
  31   0.576676934278352340945585348606   0.558431904415887939509589378422
  32   0.192178109588096677910705437401   0.746776462466091527686817390002
  33   0.424051711548710594220885500449   0.107359717091314376812403083939
  34   0.353665983836183696704792322804  -0.529388276911935708309274023431
  35  -0.423228241696174950944275840076  -0.000000000000000000000000000000
