   1  -0.920451013192000000000000000000   0.091114709575000000000000000000
   2   0.837045734356000000000000000000  -0.387652550678000000000000000000
   3  -0.651802702115000000000000000000  -0.649126961611000000000000000000
   4  -0.493547067911756483816137495887  -0.557816514951560650774029023349
   5  -0.011659750007000000000000000000   0.914076247463000000000000000000
   6  -0.207269403721802708009146923641  -0.376180652655630765243046677291
   7  -0.320251469480569590660982032366  -0.849002314442907546393694946282
   8   0.778521906228000000000000000000   0.457771355330000000000000000000
   9  -0.403615975574000000000000000000  -0.385046489971000000000000000000
  10  -0.490912623356275859245088847894  -0.746732192222344598910309320882
  11   0.205055156413038996790266652775  -0.863757389464263764254147321943
  12  -0.875332258932000000000000000000  -0.097712953437000000000000000000
  13   0.423291959494079786255973794968  -0.763877490255376341371696308115
  14   0.197872139880000000000000000000   0.840774219971000000000000000000
  15  -0.268657038597614799988838317354  -0.603992415451905467790375117884
  16  -0.067262407682733831014017691683  -0.836613082532826904591032861097
  17   0.624203364568570168763742720540  -0.534718735619405464043116610109
  18  -0.707343557144094334455951296512  -0.371368955186379890601674402579
  19   0.478352466675365651994825856160   0.598867654162539001537817331088
  20   0.156182690907385960956882459323  -0.453664608715774241398390591764
  21   0.629430270936282958835199478881   0.013754912777488698209856054835
  22  -0.286457300611405004140453406117   0.296112695312481008874518784444
