   1  -0.068841189659878112515004954542   0.507226862478418954649443894941
   2   0.636440620282375221736906167744   0.261258552309372480354662407137
   3   0.583742260934704972911772708116   0.048817080012810090030245655428
   4  -0.813065336939775773015304359316   0.491654935904829052789575038492
   5   0.339834700306306548605041318503  -0.559554135582293746324619871486
   6   0.425856104300000000000000000000  -0.477092647027000000000000000000
   7   0.182147676756861263580406313729  -0.143752187353420409162968840925
   8  -0.486152351542791674269388936092   0.812026474880954713480675214969
   9   0.413868922517743145471716542068  -0.849886075886699625963370718887
  10  -0.082368089464325403870048822126  -0.587607068200694958031606495010
  11   0.173105482166698496311027595107   0.927099942759667208199854277950
  12  -0.498699811328565836253684852675  -0.627970147532021823681803120697
  13  -0.773049289278748347500883374434  -0.535734957181585782149053712687
  14   0.725826403392319007885584206297  -0.596018771796976282557285597331
  15   0.762967990483000000000000000000   0.545191575797000000000000000000
  16  -0.088413021625783505832851204476  -0.932115973439823685668269160963
  17   0.560683537937069463117155144929   0.175971831917399687284031953556
  18  -0.542157125836000000000000000000  -0.758918549869000000000000000000
  19   0.227971541529587119959306445792  -0.031265555648228470458372556622
  20  -0.180857837175462919256319686828   0.911267120057359611221523186738
  21   0.909085990649871039628138830706   0.181340646809563147231078728373
  22  -0.722105478416767349177867441161   0.577604839732969173928696851489
  23   0.005436922386775053114822369355  -0.487038661229235337822853664959
  24   0.216237349690407432104339250137   0.117661789814755758949083663701
  25   0.339354976462688928272612062625  -0.135199414646397001611281105339
  26  -0.389944277565923495406340796314   0.659097302772363522575059140015
  27   0.909549670557471960667373778942   0.018066485926464684764048377887
  28  -0.651112573731726365079356125910  -0.629512337738177364250951058988
  29  -0.335872346567178370966842874248   0.836406415968206806278544974217
  30  -0.578601989787910487886273988873   0.684559602579331693641567186972
  31   0.725757885456070278487511077263   0.118889137922866656443001422330
  32   0.005747006916386413572598364814   0.884094852784148684111597640807
  33   0.411532899422048790602142247866   0.058748066251273081418601371730
  34   0.793305179420213957568490511803   0.351094134295277218601962819094
  35  -0.152344813409592999022182600561   0.678710805699133883630673187817
  36   0.518166332658661858734485319825  -0.665405070891714223194729996285
  37   0.225599256641178806487281115952  -0.365702415373484583268549975792
  38  -0.277911948507633275045710215103  -0.754412707974609580208871936349
  39   0.145561247653762352851367719290  -0.758694207778555765270514104528
  40   0.674978931004094576398289866015  -0.262660554618192634580943282250
  41   0.338192063536267075335244890904   0.542070288892073049845621045911
  42  -0.426815321685762560952590007916   0.000248357175412341450908411148
