   1   0.518870384431988163665613162623  -0.038672085680158810244277244540
   2  -0.185415929836774689294797779114   0.736143016195056750105602043388
   3   0.802767374794148741426813985075   0.485973191862754297630556791804
   4  -0.763544430310833699898930958221   0.543341506497233697434142339326
   5   0.452663906072889549607213040321  -0.360867386275138546480307661534
   6   0.764376959910273899539620178460  -0.536666523033288090415513776399
   7  -0.438674487643476424351878382880  -0.822546600874718838432257369884
   8   0.191557191033278645255547112289   0.910399524437941370243487036359
   9   0.374529553218740052180158395682  -0.849310608565114631961315054896
  10  -0.721389319599177770049083425927  -0.580816521806779204946934985632
  11  -0.230066083533726147030394523495   0.894742000201070416142493695276
  12   0.435508526704021802732606650484   0.071234650514866704252958280474
  13   0.311289122807871356932903251142  -0.420307128062095276013272745908
  14   0.238073035944026158433848997164   0.085465749952927133175975185548
  15  -0.289212705009252729325236504707  -0.865282946284348841929441052162
  16   0.143916258761888963036438720562  -0.362783850824044048334411051910
  17  -0.638822135781803929734004872801   0.640607630544195523781038868880
  18  -0.333966227454209015736235954745  -0.682903523677897783223414464322
  19  -0.090499838303815984327314175794   0.601222441679027699213251163058
  20   0.887758755803034067199444912502   0.054395727404553325520797676953
  21  -0.559731403644334424130063163327  -0.682694256559886467631209253449
  22   0.636740457209031280390156972550   0.102200384740805113356659843065
  23   0.816632627366989031470840399621   0.288352941548374930306083730651
  24  -0.013895087910740302950374011477   0.848491283346004252858462513186
  25  -0.404544644523774125951149915981   0.737983592264123818656345590608
  26   0.319105975996950566280320139214  -0.161511577864097668511287042273
  27   0.512503484477767287428582567682  -0.616603245304803825375696800916
  28   0.722769892203435144687123244452  -0.243557857650525301263944454777
  29   0.046953195799221179231230862619  -0.719795191612444445243841877684
  30   0.371806433787793920436666038802   0.514625139684408551777461673493
  31  -0.420416184145029241398165011766   0.000000000000000000000000000000
