   1   0.844356969287900852987782232166  -0.357381164947682637710200383976
   2  -0.035569662611380655841384857163  -0.670315535797471889407925252423
   3  -0.778807194890233232338449714228   0.471185436965557781770590635689
   4  -0.467109564736959996844036003537  -0.777217675629074994104514024610
   5   0.464219077324846298284800452768  -0.774172959538303158858979910175
   6   0.039800593632753507678188038052   0.897009966641257766459474457899
   7   0.274342419945052109974305560744  -0.849757660203383492305850143134
   8   0.802888948373971616242983821014   0.376811078941992270921849038159
   9   0.304351037500000000000000000000   0.033624896107000000000000000000
  10   0.040783992698434311329624836654  -0.871529651042206372684617409752
  11  -0.604452715302418536261208502907   0.615988786197508141819637744352
  12  -0.229122163769230108555913014278  -0.816361785775375095675421418493
  13   0.339981457803782626344381866333  -0.254519760607760890619599722118
  14   0.211071947447523625364530237606  -0.570438643333547883401393556999
  15   0.601642691174735309383987747593  -0.507799437779769573449797897687
  16  -0.246925078899428291203303518199   0.719471843615375495421054964753
  17   0.715334138733584609324619783137  -0.013091994014901974794523363876
  18   0.340252257475672691605970992560   0.526813004999961485687750070163
  19  -0.396729924639271613727509527435  -0.095747428453230682820871291617
