   1  -0.608577429791030587626631517809  -0.665316432446057302152175951788
   2   0.337040944422712272907507996635  -0.831317952013522082741461264549
   3   0.301777431617103192843275531129   0.066618201662532541100965264335
   4   0.882559758085886215140735937942  -0.073456089202367101610735248723
   5   0.254464699865795345197727797024   0.291633476657393592434256854560
   6  -0.488529602050093310318904351569   0.721366034655231332187318364816
   7   0.175941606256350173552970366509   0.843703020179131574071181888193
   8  -0.379977954184178684866195531988  -0.760923564276411407025474546935
   9   0.127862050040592477528267111553   0.546069458774940108692911691056
  10   0.451764277865787219841019110482   0.683103680703799151510396691074
  11  -0.159725950716014831227889245447   0.775294602398102618494843260392
  12   0.006640776440837938040159094858  -0.750192314971010286687203239212
  13   0.661764213020388192106553120838   0.264437271737018702057319417019
  14   0.495548516176320687307172676203  -0.378322018687943461765705995237
  15  -0.402271745851570582355557929619   0.000000000000000000000000000000
