5 0.613511790435690629043456884943
6 0.613511790435690629043456884943
7 0.613507177767355377324499622184
8 0.612938866788355682440699477063
9 0.610551304892410581219281177072
10 0.607180306029151381565813193090
11 0.605945357046045531870234623638
12 0.603587631260896413485275236502
13 0.601403181962008352686349070579
14 0.598736595717535641336680955992
15 0.597728254148429417644442070381
16 0.595368574979914121162752069512
17 0.593880310526356882505435811325
18 0.593110930354651323544395103821
19 0.591879670734612066648407095596
20 0.589467028756857307078430309218
21 0.588601256045743007734661390529
22 0.588004231333870291404105846926
23 0.586877266296595940207993283390
24 0.586376926077468302292881861861
25 0.583999434874983642556683027494
26 0.583228688186140530496237777338
27 0.581738426396738435085741227589
28 0.580750766779114821604194930970
29 0.580575868842688474311432371901
30 0.579696449422450033964101675785
31 0.579583815854970758601834988234
32 0.579010407161471504263676334508
33 0.577403607373332892926856342005
34 0.577039171745231795181421215963
35 0.576771758303825049055724159924
36 0.576720384514224524973334579342
37 0.576588508160859794902304633261
38 0.575822018671129680315638899053
39 0.574658698871400098769653505556
40 0.574567244197631877691963829996
41 0.573707210431683976261834902590
42 0.573184606056661124751835587472
43 0.572720998504235952229096808628
44 0.572308077671500114359503945495
45 0.572402522386389535425688772571
46 0.572137850215207871993997165698
47 0.571142662109048640253732853370
48 0.570533546538931339103418855023
49 0.570178863503833393131426508041
50 0.569964924737669036650615804788
51 0.569959464698223935089791900238
52 0.569947144443536364495206363611
53 0.569059659319721121058060989153
54 0.567816086581818226619217708172
55 0.565536695017064310086077139329
57 0.564156605017730126020316462576
58 0.564107715908685603417549657572
59 0.563690796292616692617223877772
60 0.564069382655388785852604425242
