   1  -0.283355574812962812016027511307  -0.892061425972031901387045895776
   2  -0.198679068591935961845669441295   0.360924760848280219856479753373
   3   0.781314835404956828142807318356   0.512869906029393288736227721996
   4  -0.827506749671108998247584485594   0.432777299774994907039860629312
   5   0.271675375661973468989412676130  -0.892712641934663220695918731795
   6  -0.154584093725900038538589465544  -0.919459116612504038318741040425
   7   0.593994680719924414198592953459   0.315624359804847427539017925825
   8  -0.094550293897664311289784742173  -0.665504766455165733300151496503
   9   0.317098494140007828582655899661   0.204752405373345679729050902441
  10  -0.815719213734533045090452445113  -0.444512284082313520306341971519
  11  -0.178648835188205040946107110718  -0.350654056872777041218176149590
  12   0.800313850758555240915988248086  -0.467941271796450464101519567795
  13  -0.232712451626701924738166952073  -0.625942579170585029175969467226
  14  -0.407749221928045230816715490509   0.830314772114936830946712282068
  15  -0.452109790639064183617630197735  -0.508997517496562339464520096316
  16   0.118298441208605402308607060916   0.914892001111268768323926473452
  17  -0.044691335585623050407639241748   0.920448931915339938678831523173
  18   0.029238210660155854342709389391  -0.582707805924641726874856741033
  19  -0.195912045155024635409504174141  -0.776404099822997181307445427256
  20   0.519377128793532483856942457229  -0.159034709408940737333865407834
  21   0.443482554901991150263622954232   0.292651357052319528394753364156
  22  -0.120354151784593015519655430854  -0.513050187415861976431939028590
  23  -0.295513274200487548328782169469   0.477667867928425237355706813972
  24   0.288205632716656596997426379641   0.367858318031890978548788536454
  25  -0.290509066553149740531840216651  -0.468501318652914443731785118530
  26  -0.466345910030105175733123716844   0.532651891841859208379446482079
  27  -0.081578478355834590487795381433   0.252992747545617252365850490378
  28  -0.541665340037254501888828304931   0.722769952633415691107749440719
  29  -0.030115885951974532602559888521  -0.132159551714567633516800531131
  30  -0.015275036302753846393288941300   0.068217771918362068187391684126
  31  -0.324976739171953518393796926088   0.669881106882345046071888861925
  32   0.291396697268001144929403576367   0.843503651130892063710445935208
  33  -0.224342337818433657419669268590   0.860350690690753597059389673760
  34   0.882976468205956248191438884002   0.066574685817987491501657267998
  35   0.130604122389339608936954145960   0.233281535153170426243421996016
  36  -0.680903459699533486253308633257   0.552702141789542309909368987779
  37   0.021314561962812493505639980558  -0.353471289042485980698770555234
  38  -0.653105488078678009667365908816  -0.569105850843159161927228821986
  39   0.802558502110353597558786389710   0.308321651828751273675049323473
  40  -0.425714365302854780313329719496  -0.735160464698184376421482617944
  41   0.054703257756967101109854122822  -0.838374008153671286049419125389
  42   0.597850772242398372115258606939   0.078337315923717220549989518194
  43   0.790436261042121287779329866528  -0.214150828321342663165585726248
  44   0.257782524586332143753773803587  -0.057090126695355292494299118645
  45   0.505254854763210526523510116283   0.591922516347274516449414822418
  46   0.027426913315201751513731310255   0.593397408600393270785149480687
  47   0.420457827080282888353741084891  -0.542526279706904135049297824509
  48  -0.556476448418905476426277318901  -0.000000000000000000000000000000
