   1   0.074786881531383905188596104331   0.899246336440138430008833324777
   2   0.032646514041645161321883412378  -0.899658486873040067222451805815
   3   0.749700327406075525017094837857   0.494337130978711487170299984188
   4   0.756998358131224157292805430598  -0.478610870850334661549247559333
   5   0.309680295490112338626648558552   0.549041596388918160347227037993
   6  -0.132233406718059694698485692978   0.880360871178220255676952280581
   7   0.314530683586430522816860296693   0.113632489355265439176282580760
   8   0.324807412734711184502805639974  -0.115041556825366407006747984906
   9   0.227247988797654523675720898848   0.338005043193518073853236445005
  10   0.829406387023083274394227690059   0.283384242063705224533411121256
  11  -0.871090342240795708407277750890  -0.042605400261192032696900811483
  12  -0.839954505783849341704462728745   0.216092295243437207515530102936
  13  -0.807648886204149955655832295303  -0.300916777469004618893953347352
  14   0.296581627956850800000074447388   0.802726004057478214150284053221
  15   0.548270323060821567026511779512   0.647865476329848412312210130718
  16  -0.696222705563199419951483158610   0.470936052112231414248196251320
  17  -0.624688704750777330258897322203  -0.547783505164162086786041381615
  18   0.526881253883161253290769148372   0.316466488763702919499709625275
  19   0.014178508003993518782165478362   0.612637127535870114439378479725
  20  -0.388948315240310853235024550698   0.683089870976175380342381182705
  21  -0.253155214663674613723532671776  -0.717456188764533963556358479777
  22   0.716844312502012822431258862404  -0.100150200007541160691579221712
  23   0.324536894493333476779453420906  -0.573073138346254115466696313280
  24  -0.266035378702481022522681180160  -0.000000000000000000000000000000
