   1  -0.509587146809286468760455214204   0.755116002048064440778639698506
   2   0.052318249118436921301127019969  -0.408784324509460503397701193738
   3   0.883471177723358318755006588143   0.207957871181924980324953585338
   4   0.229775503510282374246618935406  -0.053729031582419128164013327189
   5  -0.892241450543044476501193225672   0.144359378717586972571267338193
   6  -0.900397302617811811928453136719  -0.049849035960765451414509217096
   7   0.684828667494490353305884644001  -0.583148806952907350013196995866
   8  -0.380090372087194259798879320839   0.574779654821601963728717859048
   9  -0.859258344992436261381520697252  -0.249205790352852383529135493886
  10  -0.247148829435411177462003173425  -0.855463699146033613759676749054
  11   0.302303434614300555600607012053   0.523028748709085734538987887532
  12  -0.817466543193147882426792724090   0.341029946262273962695839494563
  13  -0.159796367278968960699546839701   0.562808770903979037438738287409
  14   0.211937465890212504237357967831  -0.268832135217222945087932461048
  15  -0.012568985782804051369119275699  -0.874012205124809655759106120454
  16   0.073430194230703136782992471522   0.443768071444940137755747935020
  17  -0.734155249606544768955438816593  -0.455563832355566100189225775613
  18   0.432212657208151465836619046955   0.741149278744613300500575401387
  19  -0.276834084134468709033940219142   0.804751784517703744476214916688
  20  -0.641206475994693960200331648378   0.547235517504720651662721131576
  21  -0.118220867272767391873601644606  -0.601319688994074597482932158561
  22   0.279921916166456279497305743569   0.213871824330459678957811663060
  23  -0.473097215352278845465875663783  -0.654629477043818853390844859994
  24   0.082255585880339745551218537941   0.785035733663707144329319879959
  25   0.636400736053098341256811252342   0.423561852239246807072136114041
  26   0.319159540693533175515784058195  -0.654343616877954345435963134991
  27   0.650292594996835471100127216421  -0.147932831925230403860237737162
  28  -0.332943291475074975661687807642  -0.000000000000000000000000000000
