   1   0.891940763853558909730051795699  -0.240103908124925226477285884670
   2   0.630908804574396369982379035622  -0.673174423866234558750737852125
   3  -0.254552628476572739487582565660  -0.523247702900846464264578882840
   4   0.268723494488758737057976691278  -0.880192644605073904218019248440
   5   0.111327711620806886252002719580  -0.912296320659972841911868695253
   6   0.627214691038895550319132517425   0.669827054589227822592964722680
   7  -0.916083585752538310788744354605   0.024440138383157069241573276037
   8  -0.222074872577020013172650755079   0.693566392382048961235071688418
   9  -0.901881011636166239532366639381  -0.145080744955422725038782578916
  10  -0.230937690741847277161338088387   0.881968649690273576644241725124
  11  -0.888926406313815914434657533254   0.195681080851160674576784980158
  12   0.440513675403112058692475921928  -0.526274758618935172626914583833
  13  -0.560029984103396011817815377569  -0.712621608588134194326924984693
  14  -0.064786820650486957811742948216  -0.902209825663528304642257849583
  15  -0.454721474115990633968874761527  -0.549568568719578136271154231862
  16  -0.350228511140613060829696530821   0.559932271386832438820843164313
  17   0.736274884474944791156721747891   0.513445597276801838348491833318
  18  -0.834151860411781584591018688359  -0.324268753043486778116335844519
  19   0.155898230895143894647195602340  -0.198056820930462229901344151722
  20  -0.804606921733354075552107863306   0.377956999374860059338727304781
  21   0.519631912222879294609134145561   0.504252821379357158388555176205
  22  -0.120765688279835318217833254178   0.517382987394046842775210615908
  23  -0.413079070454545218992987057806   0.774345410375974798100422190677
  24   0.223816655556759980094026500543   0.026807752840776920442306376558
  25   0.436014193164552691864271207556  -0.750184659809725927852037125126
  26  -0.688358741465117602171036792500  -0.518775971037497661016716242529
  27   0.392980844287835565172695977179  -0.285509519535244835460790986080
  28   0.403883787685450866717554912749   0.744942896123003969077484689726
  29  -0.612643575633079668981775946584   0.571949323618272976889311369691
  30  -0.299052530429357868380837163307  -0.770983832662083003498436831787
  31   0.697347296533024599600246786932  -0.417357397457882433513634653209
  32   0.049854411560367069383762819824   0.793681802278341977784865548180
  33   0.198812324690703751281620946433   0.381833218935312971048147033267
  34   0.086098297677272803473720876196  -0.563705290545547578734457166986
  35   0.669723328746686375066460063250   0.092553270660178011269840200923
  36  -0.374060512601367642765681516613  -0.000000000000000000000000000000
