   1   0.352886089074845340431861096832   0.290879027286642351719057195874
   2  -0.206117501072654536948985702066   0.887744074659373762496334319432
   3   0.788332276900725770509286953986  -0.454030861310420947596734223190
   4   0.183983511828517924785654033541   0.231344473670304771787136037383
   5   0.565677416723010253826510423406   0.706252888084792447469732935447
   6  -0.456066677176410657495631698844  -0.778611530103588953360699467695
   7   0.486651490690970958097351409866  -0.758893571807560224512609793555
   8  -0.897960590970899046579991886521   0.060522305049507409085284567467
   9   0.610439975115565363076708824529  -0.380153216241252417034251084567
  10  -0.883482304522870605217708314918  -0.143850994429566215922482878526
  11   0.147535106328324303869935889515  -0.327445083422130010665729733030
  12  -0.002977737710881909359014290725  -0.889439402109002062548200007564
  13  -0.844869806854576884252380652813   0.267609699072935259679270400616
  14   0.644284722766798588914766379803  -0.603426620159134039747204745433
  15  -0.803851564109451057653269205582  -0.355348620579663267107978656376
  16  -0.321132688662531520737009089436  -0.595307373601000728040136375063
  17  -0.237791144799962346912147393476  -0.836778356632704124587852827959
  18   0.860948797284053168454265754337   0.079348238891734893930557905524
  19  -0.709291065488821793999382835038   0.483797766450414221392323921367
  20   0.245157875849124641487073119954  -0.815626357087988719797664493429
  21   0.817321323191675331976155360391  -0.209123041184196299112315254556
  22  -0.611028969123251001099608735524  -0.567871008278431466945937872289
  23   0.364117041551741904595584729953  -0.512525490678660686062901804516
  24  -0.004452722446641058961992328866  -0.585044466479340856339885539945
  25  -0.413607704772026675888647996855   0.673281753689222622195238481299
  26   0.659070234582405325215063451532   0.389332928094528252134362157927
  27   0.416554490687640398211274104714  -0.061317217698797459861927709528
  28   0.142504711262708234732297228049   0.652963720250037290057636261148
  29  -0.327133548937237471000401953883  -0.000000000000000000000000000000
