   1  -0.642568312411230273448402604760  -0.600741752449506427404828507244
   2   0.496822363348506030633865116852   0.721421943210307536477595443974
   3   0.860341277307610843681274750328  -0.141365150396030497768034488660
   4   0.036385643175957089902531107577   0.321941622731124249304428337385
   5   0.255889681963061200210931115716   0.823535610063690965579170790382
   6  -0.574421921189396150818164096072   0.635634669003054673791439846326
   7   0.839506763173510157574846367527   0.135588588886385431041125641777
   8   0.741828917745688724224734527404  -0.400598514094222992303825284186
   9   0.048034690636695672176405588671  -0.833211736325813946834303366499
  10   0.284660235053676991995478749260   0.506854605005529208371928483298
  11   0.014227605718652471589300481881  -0.446316150369475001508468058154
  12   0.656079925730899852422990041635   0.436245348753058211234320884734
  13  -0.312869482488624068048594228387  -0.692627539928670915099149271778
  14   0.408771131287436101351126423951  -0.631069662955088145700535376903
  15  -0.149142394997171103455383402792   0.697749042939378560752457658236
  16   0.363853842470248760945870180479  -0.033772384064748327951476324719
  17  -0.503785566197865689633801885503  -0.000000000000000000000000000000
