   1   0.051470181272656523749332257375  -0.898268318126350954270779363358
   2   0.423987483168960004996221191440   0.417723056810420578082751375685
   3   0.770860321352338505363018877009  -0.454901677471591080929696267577
   4   0.587831183363497691356831965417   0.286321330891300404128682937290
   5   0.117384738849324975587772774842   0.881914113648797353541205104067
   6  -0.116894923075903797593105028681   0.878929947277284542118495269782
   7   0.325582897179425175298151138686  -0.109333124712222319874838353763
   8   0.204115902762643144364365791233   0.382235569575493588648926889077
   9   0.817925349686596983397200433174   0.313233825728093635169269645130
  10  -0.870149579667605810143895458821  -0.048085000109577931099238506533
  11  -0.839583329093214540675598446187   0.214801509411284794668427455903
  12  -0.803930681597255547916826379420  -0.308748363663331422285026584526
  13   0.665507409357025059482569193765   0.536783321004011793147576468269
  14   0.357661713579330982552514481365   0.157410534956294803759001629163
  15  -0.692712999832125073588721183173   0.474645697623764196573771656727
  16  -0.615800683416199139464804470121  -0.556468129400535175545727033961
  17   0.007459693782417064259738258654   0.611350212419121112940106018683
  18   0.372657516724587348626751085105   0.712087485139064431228809742664
  19  -0.382297440077189609948803441383   0.685584757801019695720049191971
  20  -0.239374639960337902005643733726  -0.720885111328845017164750734201
  21   0.718389412935997492523278205663  -0.075990910739325866694919815097
  22   0.339964911503027522959953607167  -0.565715389788889586725536146105
  23  -0.261766032726419894645699906339  -0.000000000000000000000000000000
