   1  -0.930496088272970538409126183717  -0.043043043903116855037471044607
   2  -0.020484859196892554678175974624  -0.930454848401818856072788173324
   3  -0.924723673630651599276551068887   0.097409669682047846074997602262
   4  -0.018248551401297528285654406741   0.928786731601364786742546418813
   5   0.494822625539905927239484115648   0.785135781414764369805917710283
   6  -0.908928507108241750660205284430  -0.182774072376372291126249388009
   7   0.341009787726790940276084868478  -0.441342358402280430945195765910
   8   0.363462411773423560297719696389   0.850728299207082819394150390773
   9   0.011609596310955789475707939685  -0.306940043833435591928043433130
  10  -0.165126233751174533947150639990  -0.908063955241140376942825536472
  11  -0.487007886171279673463095645407   0.523219019860104978697713089542
  12   0.303217209377483492725454575586   0.708668871938041763157597890285
  13  -0.886523343613005997600652485785   0.243338959528901537059032728812
  14  -0.359147562622965486100502417487   0.844807685965905077010713692272
  15  -0.067360837982804503452378231491   0.403981689533416399923939496746
  16  -0.027988344532028678463654863997   0.773145718409751958038449571129
  17   0.894793355570273592660939211530   0.184135732918875530478139405389
  18   0.134335859305319343097649895871  -0.901947113906041672278521855721
  19  -0.577427069432165535896355923279  -0.703529382890747903138114889736
  20  -0.093978263379363130672762771190  -0.437145434143691665036945595722
  21  -0.842023958018292336148282835836  -0.335295641321939514563159836227
  22  -0.809816247101494857504264341791   0.402260407060183533932794402575
  23  -0.181071081053525698542772559142   0.883261864906148100643806956199
  24  -0.463744621062544250811885856192  -0.550914569144087895899439146275
  25  -0.260642489568472802940130358856  -0.537924034480026179531841054069
  26   0.648166264057709613850306074306  -0.615777608223193941163790238227
  27   0.778339019326894212248514966176  -0.433757166418916293441088929465
  28  -0.512176020270985363033078977665   0.725029640946336980663676163446
  29  -0.677623856258893109505716614324   0.567708105341752257597432728480
  30   0.148792355250669620496373775269  -0.466984825261485654687775096923
  31   0.164099345668235754328349927551   0.857922274144215680565820428875
  32   0.541372899060853908418857792908  -0.405519354351205868810015326400
  33  -0.696458361727561112224297254225  -0.512239490357129342222924535775
  34   0.112532056762643219936244823491   0.268032418329994406867995615288
  35  -0.348707836552383961791107171633  -0.774900622897330995616825383835
  36   0.108164780790168402854722380605   0.570975899597963844960363128264
  37  -0.034260117121011291685632931810  -0.691734433810554507414710187228
  38  -0.239415110258332429509465058666   0.607925016622756375860891695722
  39   0.355357911185650879553412240593  -0.715730073290924365815773374426
  40   0.768862287987602692802418805488  -0.100312961333841035442575784964
  41   0.285032803039009240623752508861  -0.112852082724708825946349870299
  42   0.552989230634469357777438421776   0.399733806090328408516636482215
  43  -0.414536590033742368400586012463  -0.000000000000000000000000000000
