   1  -0.725260653862078225057475087488   0.016726456576890983362274108565
   2  -0.619702617422364683603673874871  -0.084179010525798124858696833180
   3  -0.525104686591129389707040507088  -0.762142752151160656244507880170
   4   0.678190460803810868539836904482  -0.628294274612623522914791032922
   5  -0.616161333588187470076192615817   0.118373865536472920237430212511
   6  -0.892102211818372856658575387566  -0.234109201101706090503697927371
   7  -0.517401462091272252527633101569   0.762086461926279951363461767232
   8   0.079163150358220310400259554779  -0.502433980363888363955684214282
   9  -0.743592799883396774230441194264  -0.177152739290327919042048569237
  10  -0.099157436375858688714510442034   0.535721807098813382246309935984
  11   0.295065398814845857219227565065   0.867045507257522621387113936857
  12   0.159005738250685347769466841914  -0.647732129153809630975601632713
  13   0.910231265109958559965472146608   0.068664013448801120695983604695
  14  -0.365724969504476426774654378775   0.834536847236222575686058812585
  15  -0.585426720193640156999767762385  -0.244650561461470402645848536531
  16   0.121454496394913415835914246335   0.899365104422301295501665696373
  17  -0.779325052813639013173855348186   0.461121933621468979071729233112
  18   0.467973122439164588790151458775   0.533293050868506885619953692957
  19   0.435712411493462284508794197032   0.132668139865699846446622230501
  20   0.640961024437780755156031104594   0.629949290911242016285056159479
  21  -0.640807573041294812338806861882  -0.626346388522930885503297640301
  22  -0.891843110695910840847475516700  -0.049641779782666287842262268840
  23   0.261363919873759550975113467450  -0.447669661126647810842921656515
  24  -0.633121673378817636082298494466   0.608703866567371338870520917203
  25   0.460849940358469572474879371226   0.753235318220061777805472690198
  26   0.362763669442599894488422131494   0.340146174903038308365139809834
  27   0.163324378186419449560389030409  -0.858967154287740880449771606449
  28  -0.482366442545882809841497291540  -0.442319649075966812525964429696
  29  -0.568429602540026196924043844253   0.358022173488480018153254327636
  30  -0.754087980681979359479486900761  -0.406647737748662906570468514597
  31  -0.820239203395700652672368682176   0.219090933644492304861441419988
  32  -0.117342565997042711906385741407   0.816898626777220144669583085550
  33  -0.350041821571657847559513966382   0.574943720226321733349477466941
  34   0.425956209734628348911910612315  -0.693172419074421985596460536249
  35   0.177473314934058473636370650533   0.605528516512705944435636650849
  36   0.708970197918374792277337827148   0.309277921184171995262004451184
  37  -0.193403245852227130278727438128  -0.708427054650449722539366208526
  38   0.637930180775594438305820500446  -0.234515615603698903600306390479
  39  -0.099973251862050845330564787051  -0.000000000000000000000000000000
