   1   0.303963658514958840002915834775  -0.342241560704921143394772320420
   2  -0.910087077295188237433635886709  -0.074414799353643329654444880923
   3  -0.905993454787381535600024497568   0.100826466187491441376072923437
   4   0.879092726636366537070250810374   0.234951855908710421764605921191
   5   0.730864307757811614767713262493  -0.539215855969329146963497538426
   6   0.432312397813473499300553873274   0.236510553088881381369045265316
   7   0.327498599883728976087708126524   0.843130850389688336103003191070
   8  -0.866106622703509767255357016406  -0.253521021064941680150772389966
   9  -0.854970594170706981635312665324   0.281933597339082083128324976129
  10   0.086743480902337397051265373069  -0.676049405974325907472117743992
  11   0.179976273826789030070291364823  -0.877113410894331758693101307750
  12  -0.190709025898774071995063719043   0.550039454620958365993838742432
  13   0.119148132858110037097604165999   0.881650625290697660803822045625
  14  -0.306563794774631283064256987650  -0.831840104526629823265657137332
  15   0.504096308100382547281125630933   0.725014932908155301893528899353
  16   0.207524177566765344293792004498  -0.159971223301352650543435511394
  17  -0.753160283285462959424458436063  -0.445322995163668505405157708061
  18  -0.729686196273131083232095601287   0.474219048090552703132440446532
  19  -0.059268543557923735917594533323  -0.862913277286338804395196703142
  20   0.241745830226141579578106648751   0.099637651342585902792366442553
  21   0.085761918952242240096797126640  -0.426007632909949919057900825879
  22  -0.175823396889401160253276489596  -0.596274679410028036818794481319
  23  -0.149906349469410936320716039364   0.820931452192202575555535985354
  24  -0.511575195543835000977123212466  -0.626313231051687211923482605491
  25  -0.468096191403953773290630062680   0.659829817316783364119062161418
  26   0.658573550916901105841847869182   0.437729451826942830745339775861
  27   0.420975166310234535695053116162  -0.639366745117361622791081728841
  28   0.184238943064692414220292591613   0.506762672477648702206937443661
  29   0.657782462632200009135279829773  -0.123019934239388054067060952986
  30  -0.358949751623287628371236890478   0.000025723114132539810146303303
