   1  -0.593846846307072115422616989315  -0.390834591182795482723807723862
   2  -0.222400436243022460467867962659   0.523003764898573418580786557527
   3  -0.298542090666731791137825893307  -0.666841786758547550335470423668
   4  -0.257029628195056043979768070310  -0.525401911258626915251438273406
   5  -0.889964696658549645943740907629   0.251366238344561125566292205224
   6   0.203512956940961516159236060053   0.275248000760003210339802198044
   7  -0.604481357956089849893746710488  -0.696990593427691159534795908152
   8   0.440136943847600954634946370144   0.174515547862528448231441608770
   9  -0.492505890635413397974480953167   0.471090324616507398974960086688
  10  -0.623009216297886683415620134408   0.377052170797579576820941801404
  11   0.270598848917395412222253749749   0.131347916957553156323304897954
  12  -0.190571766071342527444347902804   0.896085309004090601612584197408
  13  -0.730127568333230848704138106503   0.233131246629882473213096541350
  14   0.399841929214826512721319198272  -0.820951898941420846326378355634
  15   0.156060174101413764775214569279  -0.359286526391294441432120977845
  16   0.296273867650009613975303014771  -0.677273417242886263960298443172
  17   0.389513294892833541240577201624   0.337520511647829385165860070935
  18  -0.005340052672950652308519631502  -0.905880307748821948502507661782
  19   0.721285287816051023211199640734   0.544580377540674688546479187167
  20   0.291131271593346833231425305510  -0.488598951155004292849814991965
  21  -0.802950438698888294465514874261   0.404504618441846241379798258350
  22   0.528528252927398230207242586965   0.475206615931416710053723959377
  23  -0.439551910841886854081856510515  -0.778049823129542654459511270924
  24   0.570159148897739328393817757356   0.684093328072214213734502900163
  25  -0.706581494434022559452609659015  -0.536487743205664004519359901688
  26   0.200335181995189644949352251835  -0.860459500023929794111213083010
  27  -0.663752531892943410665319967592   0.576842618195882683522283024869
  28  -0.216716578735563267714065445893  -0.847562107373067673324780495724
  29  -0.460801368834118926877514478372  -0.542350723614665074081272486825
  30   0.767666615328028988885079048498  -0.396302843532307495099745527922
  31   0.847494687354828334310663399192  -0.129186328645541608674716999813
  32  -0.848854217083294542588024414775   0.029489327191849709860210541084
  33  -0.793963153626055901751477845001  -0.275608776380755370016672410458
  34   0.548494626784360371569316316663  -0.610776812525704081091540804500
  35  -0.392152106927982959769198556835   0.715312962660040234159954650459
  36   0.006334147899774421383300686997  -0.608041151955492600763002606209
  37   0.740419343305394278769440131188   0.223277339023499204587118328576
  38   0.445771518140598424921169158041  -0.164562099576320729184904895923
  39   0.141964921748426176884700227607   0.665913485442664257935612862907
  40  -0.246821539167019098574000747441  -0.000000000000000000000000000000
