   1   0.429304798488203043494737307834   0.757123472693721851101854331113
   2  -0.864660058381268533037171619947  -0.045956092665706884299113517047
   3  -0.830493897535507898262152005159   0.226187112375855780346981994573
   4  -0.794605059644492045513351384249  -0.316002447447356587780285958631
   5  -0.696843254422066654553695719937   0.484294097185001397115007304915
   6  -0.622436590211709926917806611562  -0.566013438122338669079788369864
   7   0.662934624362756947749288591809  -0.503930743655604105497695879488
   8   0.800854720190323059990401315193  -0.187703319197517172217848922950
   9   0.432108783860458345271346182040  -0.231657321031292199330288419977
  10  -0.402488102923827476460920093400   0.685598961783227049092733654371
  11  -0.274104077038109410918278880984  -0.725523037672282551371665178421
  12   0.053298098899136596287098603038   0.697688507557442857242787007215
  13   0.236997689380267295940836598701  -0.669562324634157835899988405674
  14   0.574283302139419234040311703070   0.293974767863651118350990428701
  15  -0.230373827495068383400714113765  -0.000000000000000000000000000000
