   1   0.032907167064579013908344298959  -0.322583958848037554966185639105
   2  -0.614763607461448934627254611397   0.617290841781697708690826068922
   3   0.254169311734322355056262163478  -0.455673719582106557324624414132
   4   0.854847262696315886891815218983   0.107997319962497446267407329235
   5  -0.567409111475519254038648967295  -0.640670952823862433643908354628
   6   0.830360468112564513109814429483  -0.179731207079452281959478966332
   7   0.046477203415138316159886040360   0.837209282006208466038439851827
   8   0.737360848727179750941927891730   0.389074575308736907446035923091
   9   0.321944281643686691182445031814  -0.758099253996013050003857748646
  10  -0.007989228212347312435943308419   0.478879609364450122496484497884
  11  -0.304199354136167286326633582175   0.735951517997884406524301444241
  12   0.609908709102742392398218178044  -0.481240411548971584412294536241
  13   0.401551456913811566327128613418   0.634125083012920809038611325827
  14  -0.138585238877007045068162774664  -0.698367474585845337285137463458
  15   0.351087194611071106416614074985   0.033817041942662634496826604253
  16  -0.501143821831537065037855958840  -0.000000000000000000000000000000
