   1  -0.746028174935745427006031672301   0.519427955961325197781678495388
   2  -0.492621319267677143657557312497  -0.761932153862476750752694798412
   3  -0.252274284167155496892963718845  -0.495941703767941089238009093077
   4   0.562515731406565872317707813400   0.701275961509134813533538260824
   5  -0.032573491424406672390133524632   0.286679412694899894295367597437
   6  -0.130156767911742330515733336500   0.889177520416158970894967935085
   7  -0.327096443935088000324305562233   0.835091934323226505038579569907
   8  -0.437750553292513475043149256510  -0.571305079635779465132266306991
   9   0.385175919517271164460981962697   0.804038346378923145224652776191
  10   0.306222737190756042263861532166  -0.833202779980573060349814085757
  11   0.084750522215136581448175976590  -0.878860194183305972268370652221
  12  -0.662640062192479839952666673498  -0.575077946859451204779676971881
  13   0.507627572526067531500950355471  -0.713936092837069875089311227719
  14   0.698541278991865359631211364783   0.524758731293532081762782113522
  15   0.574034189748252712490496424821  -0.172247628454689627799081153113
  16   0.841251770228921593791495361511  -0.195051736436943697066949390677
  17   0.379314856125355340750393939127   0.019939721325368448636742531417
  18   0.091406096544548972012901614844   0.068488962165684052128092425593
  19   0.119955124953046016215769969570   0.824043629298479933394646970119
  20  -0.522606310742408555526031733242   0.648547940376724936604213560102
  21   0.677574021936935909934907991581  -0.464262671226488221903612549977
  22  -0.207556417131722092310625974213  -0.779910113638218957208477588342
  23  -0.151534403730081155781361845351   0.574163894938079554430366686220
  24   0.745609267539487644140070133456   0.165207828800137608262376226395
  25   0.310756232320170540445703079620   0.430081453827281719917900567269
  26   0.167667725438671018808991676729  -0.409672719304081300485401915296
  27  -0.527385748967989867909870205590  -0.000000000000000000000000000000
