   1   0.905150535870643524080550923842   0.235183007515867404475507505885
   2   0.928361332042489204118920529358   0.106976791715013034990457249362
   3   0.074607270136571693015301241503   0.132941399681246363986849391368
   4  -0.926629990679462504973749595285   0.109117638452471021752225701706
   5   0.361589126239312715856010314314   0.859278165217645934297938820132
   6  -0.931084731747150703623651876221  -0.026319875852803127343884426998
   7  -0.041910290436052427845009583651  -0.929681619559985222723548919386
   8  -0.018639482095319744169219983138   0.929570637247790537235112093981
   9  -0.718598912095297395321221290172   0.588569133919185241092151879015
  10   0.828131566459747624280372375885  -0.418652087430264187564689695206
  11   0.325660512624219670378809678658  -0.435866280797552957339285562491
  12  -0.457649336585085557266750557894   0.516743780126362985817572613536
  13  -0.909471050228581852512649511955  -0.168313120897000995315453882598
  14   0.011929033525873570135233990328  -0.292902599422464301034192199214
  15   0.745767074311309612463786361038  -0.543282943393005191123623858008
  16  -0.607529345558389069405265054212   0.488265686735572147701938957178
  17   0.486640824874726651621203984634   0.781012470667406152998536745751
  18  -0.028363834752674957658293861583   0.777260784455490086857985956565
  19  -0.882272844168063069541833942389   0.251838949015882874601623187581
  20   0.322446324057793676718829805822   0.712713553338002236703934666813
  21  -0.192606073387338147620928822640  -0.893998920922249601219452680684
  22  -0.595021059964044239887812907489  -0.692318710400379812068571616984
  23  -0.044486544775960417092811062213   0.380104359126164130118363810805
  24   0.115714412456275295670146508531  -0.901933134953021297174924174273
  25  -0.847499236207866009609828092070  -0.324153210764271414587033507128
  26   0.619504117281487728190628875285  -0.660129878652037646772230352835
  27  -0.089647913584395232166395135622  -0.433086313224469995705984340398
  28  -0.381066298910894525357653925869   0.816086519165990444559806303278
  29  -0.474526576866977891564757991780  -0.545210456588648777202734954886
  30  -0.185892975465595566372435154190   0.875787010144150218979748881724
  31  -0.264982268602555800326390601498  -0.538672838590346413135460975553
  32  -0.783783327841999910361469148509   0.418445983594437480119725880779
  33   0.142836656328232505856385129573   0.300496350014499901266449054977
  34  -0.554222009119197376570045770427   0.683562607706489965541912913295
  35   0.130054430255872191667981131429  -0.453553774564392466186413537643
  36   0.165644017643539734197940878099   0.855885526969280513229469209505
  37  -0.706244186116617698072351255243  -0.501286362352759757075634862363
  38  -0.380617734541021180628884568023  -0.768660141379245411180103225891
  39   0.546637769788454650982857139254  -0.428546086972826946078197494356
  40   0.125134323462405694223347082003   0.573159573419291925280023334395
  41  -0.036252085149092759163735625691  -0.692478695632446665020217947661
  42  -0.213315768957094068693218968614   0.591054211365545746573920431513
  43   0.329992966199232001595240653757  -0.707517137992527566947896947588
  44   0.766792672665886314532667877549  -0.130951840036483569114920882424
  45   0.288750648623877789089324557991  -0.108446504871817128575326606893
  46   0.561260241716670581653848981722   0.394257334308533090071499189645
  47  -0.418207237768526941844266713788  -0.000000000000000000000000000000
