   1  -0.873602863673116815618371746992  -0.276856256433097751347860691499
   2   0.489235223253209729988349581982   0.773272283186643599056400537981
   3  -0.802796303215852412387877078519  -0.436077224992453033484698324188
   4  -0.905600967137181905314641445997  -0.108350287624258513610114045783
   5   0.902524827017112045073274588869   0.119836526608798811687850580734
   6   0.210060378225000000000000000000  -0.089016817372000000000000000000
   7  -0.732844018297763227520369126577   0.534290772621185637594477399986
   8   0.575521881622000000000000000000  -0.698354783186000000000000000000
   9  -0.690875456384722472870252008444  -0.581418207133650288625152476002
  10  -0.897352625300940830732618571924   0.078618196321515675428275323469
  11  -0.086116916237901825637341195825   0.894318613177889131132160327759
  12  -0.016354829267000000000000000000  -0.593711348410000000000000000000
  13   0.396851552835970409801933833885  -0.800246603415803082061083362004
  14  -0.106283569477763973815462608955   0.669881575465658267134555572727
  15  -0.558801530475338687207823710181   0.415217212367411221415790602065
  16   0.416630533282000000000000000000  -0.057688499384000000000000000000
  17   0.185371385945000000000000000000   0.121085504714000000000000000000
  18   0.705872040311529915097029461599  -0.518149520651878593188571753433
  19  -0.504746274568241543029544072247  -0.709764614105160831762498128766
  20  -0.306282418696612333919347069696   0.809675151401809544044984399512
  21  -0.541424215008292960433118690585   0.667784934836397874345087265769
  22  -0.792700580992777207167472708944   0.301648094104097977572161291829
  23  -0.301886885114905871372601048091   0.491402891783777687017493073007
  24   0.126781368354593298946133478517  -0.825803396135582159822983615091
  25  -0.212339015968529419534550642808  -0.796294498294476077799640695507
  26   0.044529208937284298470473726617   0.399159426939631385029898767492
  27   0.196235085838442108830218219723   0.767196132850600983694587139801
  28   0.749643251088968360857615516070  -0.163808250479112430594183336191
  29   0.322334554582718020797338652922  -0.432298865090997177261719582425
  30   0.562471289057333812072378344268   0.365800563558190963398892827645
  31  -0.345394714783271960894194373135  -0.127518211042332229035842540030
