   1   0.142278686126390196278644757156   0.058275832998940427403994688890
   2  -0.574181236369848471530559139614  -0.640168561573449348118546840970
   3   0.514025524647914358006825350979  -0.682256797319705267622730110741
   4  -0.534824692582304433720274894375   0.657567613499202254314534486265
   5   0.211869824190005577145521559975  -0.812992509779344231198850012621
   6   0.178264683160163198874650434509   0.812214397081921837119728825394
   7   0.489872253258601092167338790735   0.659237275018713923560929144466
   8   0.701742152398436661535804797657  -0.402807508885417333045992400587
   9  -0.194086469523578382024887370525   0.769601344965155787878196625957
  10   0.106527283500379211264325835757   0.421889659393868409450763604461
  11  -0.190433996017880564597915863645  -0.722842177269530378025191252331
  12   0.216493796946958655515034762309  -0.361735625266286490327240847637
  13   0.627473650033168510104233275521   0.140082945588780736257941525444
  14  -0.495012936504689019202235854724  -0.000000000000000000000000000000
