5 0.570922096619039327572248540682
6 0.552462703778895858181919898120
7 0.543855392719099794562810055793
8 0.538097011594676918415207784095
9 0.532251017145950947776483149073
10 0.522620172967119285734658120347
11 0.518352866238196249839914019637
12 0.512866950316335641876274515984
13 0.508844527279375491914800119383
14 0.504987063495310980797764145277
15 0.501829350259971028078346639563
16 0.498856178168462934962144041161
17 0.496214433802134310366198114497
18 0.493060522668214360455819502949
19 0.489716608581961948150612639469
20 0.487461926373899372682617542255
21 0.484888190971411805794536944239
22 0.483567606273408313065930244471
23 0.480821851142213573402595165555
24 0.478381196872302363133524238449
25 0.476751718388099055418281177941
26 0.474466542554486142036486851497
27 0.472614251032010132090129794410
28 0.471065024899663186006859929929
29 0.469047743381700500839627932861
30 0.467839775366349005917841400966
31 0.465336327623194566166005057097
32 0.463960875972915286020040330296
33 0.461722365794043755707751134524
34 0.459904573606988106072030851754
35 0.460582836710427204454376185062
36 0.457843771135716506611004003270
37 0.456553457952913450847071340142
38 0.454486951107142454415748643858
39 0.453013802170914739766108306715
40 0.451306703843741556398575577330
41 0.450147029551757111445452533911
42 0.449425372562324508809969660104
43 0.449242884135499461812338820839
44 0.448476939875556439400643760253
45 0.447361215250470678065411893363
46 0.446290273264074431365591568701
47 0.444211598882375189478633317143
48 0.443523551581094523573722681099
49 0.442560776498902832364056062073
50 0.441824190114343974374508745993
51 0.440360204780834877424274931465
52 0.438737534208946995395549468254
53 0.438256971957934379970069570475
54 0.437728873361506530982868568884
55 0.437455405608712459240375530234
56 0.437449234459481512537057744413
57 0.436960869636605641615405860089
58 0.436173677605725492433623617766
59 0.435483678314617948097572936155
60 0.433556977255135657859784873352
61 0.432653272144755016903344839836
62 0.431502827821605475738461859628
63 0.431258045158287127212529027771
64 0.430852418904905569425587101367
65 0.430761577071681762755651136889
66 0.430225417154745386520632168972
67 0.428776519103276460565290917490
68 0.428397160759324055923530484555
69 0.427150718245698764876014211140
70 0.426531030158597640271093297723
71 0.425860637931413626912875614709
72 0.425745315994553169964247723557
73 0.426032716940996043524949107714
74 0.425523773855380861518148294851
75 0.425133471666491411898794343519
76 0.424998653802295377885533387669
77 0.424157469101681673684116750779
78 0.424733661668767710808780505376
79 0.424586549240146372436384982298
80 0.424230237595502595360608442242
81 0.423932713477199351185321951938
82 0.423330407066137626506540872656
83 0.422906919880933563461436349095
84 0.422361597304521599246636202377
85 0.422101078704352803591098274706
86 0.421097830899252137556891879325
87 0.420575348556055512631411809936
88 0.420440658355645988565645310164
89 0.419701663884017720626144063781
90 0.418741542862895202318336783611
91 0.416457790480585079238075356553
92 0.416367083684975670145045258132
93 0.415969258974355233127383318018
94 0.415939226698482579503457008460
95 0.414803130485607371904840569289
96 0.414389183425199330444704413403
97 0.414477238247621300713276853956
98 0.414183953265473536345044897593
99 0.413874238827416963901708644428
100 0.412195412501319769059060798744
