   1   0.877480137736922548151618607261  -0.184995005204367374559711354633
   2  -0.560145036781709750778154201072   0.693265008234234515890915722633
   3   0.549790077751290623367721569082   0.694158661770769819419196876629
   4  -0.508161776077300023867463791848  -0.716611908982787247937907803674
   5   0.295183986605664490454914633486  -0.211075082385920828492635379619
   6   0.438673750983689600758844019812  -0.741393658551183659514550662080
   7   0.165080640744044323727189626097  -0.834137535801789664858445310050
   8  -0.301239218540673617618288258265   0.779569650888126119806614251652
   9   0.193808808981751671599384864514  -0.504372947428498680559464852574
  10  -0.184163439410044057285747671318  -0.773616491864088561338849710817
  11   0.625050708078826548296220874092  -0.414292228189261689944652166939
  12   0.146838674581664295733227314057   0.696854835652849926031139970721
  13   0.589609835296416440849497538664   0.200660088643481503444434699651
  14  -0.401263404282464358663319044008   0.000000000000000000000000000000
