   1   0.881400768569218192847259775148   0.131951641329092146102187356741
   2  -0.539023891628499467118845518098   0.702239310971010549547484322983
   3  -0.500689417914688291865410098888  -0.720967230035216471648038066232
   4   0.151374461824176185862095836518  -0.857167990442605829236953284612
   5   0.314158300146905544527365555911   0.218471361219135825448959687548
   6   0.407966625330768811191491928997  -0.745296587500470654399323703779
   7   0.130234563827452523998246162830  -0.564011842327882054618565746371
   8  -0.251996543027769230511625860556   0.778073004303949801209412965114
   9  -0.173671791957803024657804180404  -0.775104602502249457931578529727
  10   0.652078061754527891971852207703   0.392965802113866275222585082001
  11   0.208841879992602759645390630424   0.679506478833442164762187265625
  12   0.566525570967408739862297407987  -0.240397185171654645218531856680
  13  -0.398596818037991647313650929421   0.000000000000000000000000000000
