   1   0.697678056182346517030357856300   0.015673709296520740379367520068
   2  -0.648757838878302056288300216868  -0.638547362229090902406360779272
   3  -0.634271111229857054423554026578   0.647770935064342978376719654373
   4   0.293149072052414413556008315182   0.853212286843857614627375947237
   5  -0.492974247626428966546386975461  -0.750460071418956174540914668388
   6   0.801715707171809415984849930549  -0.392382490979389401163391361767
   7   0.672264767642719598710619023515  -0.577302122187326525575444440954
   8   0.870740163460323598553905550557   0.127909619792647394594030918382
   9   0.137612217262582077915861054725  -0.860435794054066839600396535110
  10   0.848999747222925948128283775662  -0.152461148763412367484296657209
  11  -0.412964701356691667218576419980   0.744910045735515507415981413737
  12   0.103686751845634577975139405652  -0.556444132050114334118472906234
  13   0.408108187670409024439082284472  -0.711661247083389964349970087936
  14  -0.188971372619640494253916050768  -0.774436670242437751686657462550
  15  -0.029788136009875349726774597633   0.764043309373357889502428194848
  16   0.435700561599873308993749481656  -0.247717354825635826829546602368
  17   0.469222621316237130447827233022   0.414923365879828659107135835023
  18  -0.406889069645348676455604896179   0.000000000000000000000000000000
