   1  -0.481851299888517175541466220768  -0.639642160049069725651418954854
   2   0.081121251644637227381687573559   0.739350794483695195234931767807
   3  -0.755907526695651658387444069002  -0.551090543609317361671504542358
   4  -0.750709717900880185145409674889   0.555433958595938347644577624318
   5   0.847659876968480937372371302042   0.387512425615037897458463639654
   6   0.433232848671573204239591670030   0.265799306934489240662074866418
   7  -0.522048438653589807972431811914  -0.767461109970149999619720416667
   8   0.386037258047980548387606267085  -0.055902412396971625345118305087
   9  -0.027615983824196155714369560822  -0.923177518200350832955803414680
  10   0.234937767949634742807751599972  -0.081130267148490280952734741048
  11   0.028117226157840934754186001816  -0.749922578081099076110192589599
  12  -0.051813228235033119207630917099  -0.558700155980292917980232434181
  13  -0.633994495508077026669982116005   0.655847372499169828084733939173
  14  -0.634543551346335766452934623548  -0.649112354189845077926815724583
  15  -0.189634259769712971331296709738   0.884273868070360346292667246667
  16   0.145677966249839949860268045962  -0.888184515490705322836962091366
  17   0.010902230550968809261151257334   0.894742213723177995500159045491
  18   0.834169487896911558029471167001  -0.308030648691324238197598101382
  19   0.464801511451938033367229152401   0.750168390171149444945488358195
  20   0.238889279700071808875499551164   0.841673737291014744829986810321
  21   0.284781385824844269744346263749   0.125934354494014146898057378855
  22  -0.109699188712226979883943662273   0.656307656871916772380755622602
  23  -0.402005359358205764712430140565   0.739086659081934043919847032911
  24   0.638921120571273900186912702307   0.513943102305959211526598805042
  25  -0.251760016995960441171123753238  -0.760876033011218987767058114796
  26   0.229562870566536954502552851862   0.486313136195819790542980541445
  27   0.718019062891689450858377773137   0.064253183165722397760751667132
  28   0.395967156854415527637190089074  -0.495475440003461062048760215153
  29  -0.419424131157311525688567628099  -0.000000000000000000000000000000
