   1   0.163332912282715809898552003788   0.463165189547825409071211094594
   2   0.198024243355391744550066258012  -0.136177814699025924807323253453
   3  -0.030559814085565244036338640301   0.940923779494844536684072863164
   4   0.717240797910292763012477057300  -0.059068916877633314341962618892
   5  -0.765121958258963842796944040128  -0.543771480994323001522203754716
   6  -0.105752848160526460287333797154   0.791023292465653199750499454615
   7   0.471808997966578595203677594228   0.808097598924015987848418691374
   8   0.174801411170405171900863607038  -0.917610046581907147037286394440
   9  -0.745871783671623017991086166678   0.559470583939483107620918745245
  10   0.789652748130787498250826257106  -0.492337928361494505262000951950
  11  -0.158008371963907662837568494075   0.914971639269932017381886103607
  12   0.775245426129136287578455947987   0.071571562002249614813276964711
  13   0.915821884833143736595133319872   0.122966744814867451320534457191
  14   0.144051306633583230040310353144   0.330066362662424817469556850010
  15   0.027266161867374022947615128835   0.480874121657722633759343321239
  16   0.648353978960499430488657828313  -0.185458764390536955330260229984
  17   0.306646202739517167937265549880   0.456771307082881718169476492092
  18  -0.206972395242538444568851625082  -0.885031400942125776794999242804
  19  -0.640808972830432913196783834992  -0.638863788090582683101792210113
  20  -0.110094285418953247675498468046   0.600956247266242000894353499517
  21  -0.605703506904679119186482485121   0.659476792790300159882104876653
  22   0.886549237083662804347957411521  -0.075204530429266399123162238462
  23   0.000015718020254982567837145072  -0.864161271275888123961928112155
  24   0.822044469339011931996939788635  -0.301052426891830524869863388962
  25  -0.128947085631289681528641202522  -0.649247790940233674817812547876
  26   0.797666618309687469628408287324   0.309618063443825155829844891994
  27  -0.407265126575730900186319426682  -0.736949770911090861258037034597
  28  -0.340984231855132539461486335861   0.749668571674450481769594815711
  29   0.570185122996807342661619558305   0.564751733539343201028694277737
  30   0.184088677305529305130480957900   0.748553420024071056818700467875
  31   0.425078638288645577118961038725   0.111604078344288453852040151724
  32   0.357718930154199804933193738465  -0.526176844588826220619982443969
  33  -0.422596392626667107073143657995  -0.000000000000000000000000000000
