   1   0.454907497786231962733745347229  -0.799658475374896878090505344117
   2   0.866352070907704845590801048944   0.301190196754449199662334211939
   3  -0.667711996303254889459084736166  -0.624401770558960464055546110928
   4  -0.653677065571278299354360899073   0.634248997247713175888179001933
   5  -0.270396680054972745149184770758  -0.667756097283238357890014623221
   6   0.229102381289616878068122490985   0.873141447543100526835788724115
   7  -0.249902772076621368564025671878  -0.862907530435109653748644078544
   8   0.535132754993505651736426116504  -0.016699333271751075414571346236
   9   0.549303757974842847689461480383  -0.235320437848574465854529405615
  10   0.297859705311139681941203407457  -0.018926926936694484634684011240
  11  -0.481811209472684731939452947241  -0.728005843404131381128807951290
  12  -0.452340806780322848199016275162   0.735776577561801519348041141034
  13   0.805175850250391639182227455010  -0.280491170840714872293758044284
  14   0.283224599054681890294961817472  -0.298810124579162718333700150219
  15   0.813452532555078655413667547877   0.045292579686235066460270022480
  16   0.580841825189454846834602817251  -0.547789646495832644486093033214
  17  -0.082894087857334123123983034512   0.761472324756963627264321917383
  18   0.103925219721971857061290185035  -0.705514265404179729429208517983
  19   0.437726691649811491275621475910   0.451228914638315035495678607817
  20  -0.410532971243142692921569690782   0.000000000000000000000000000000
