   1  -0.761875939094651590055386640220   0.545476023955186757075358798643
   2  -0.757846371524827213005216081877  -0.548431396179976677313949771048
   3   0.093864945879512698060046156764   0.740512571619682380760812311231
   4   0.856517195336748941243856877076   0.367616728655883401883632952873
   5   0.442206974612988447637407760604   0.261689877553780527990120861532
   6   0.386868711119295486283884515572  -0.065194041038515408099565215050
   7  -0.523139115900226987274155300071  -0.764108324160222078698895176670
   8   0.024328745088604479105432876485  -0.758898886194184035667186772779
   9   0.236316140992284983158757163068  -0.084376934456313943622358854232
  10  -0.059048108962220408487126871784  -0.556713407802116948136222733841
  11  -0.013036488960590708683297653660  -0.915351750728047666156438093594
  12   0.159443802266332507788966446740  -0.898032375861096244258691298412
  13  -0.630025306535133548699396583221  -0.637844891818682142113087941370
  14  -0.636619441607593512306252095169   0.642545205433088196203590865920
  15  -0.185018566968008588717309255328   0.880799485967036602478970713812
  16   0.019526052778932041332425164681   0.894745472527157661895545269229
  17   0.827434290306339164833618964437  -0.325624032008374722016592862571
  18   0.482552168611879490995556444360   0.738984152572501747177181248670
  19   0.259986884075262054904352397522   0.835358398876347934218454925000
  20   0.295003060447322201765262818174   0.120423755927804922118040226833
  21  -0.097899598359990208685758079502   0.651634696850287161758454686900
  22  -0.401555612411772916289174971337   0.739276718432901020530504924343
  23   0.651113281734574541477530053935   0.498960830542530466966896664553
  24  -0.250573044457521917071000223985  -0.761204782544581427293169511069
  25   0.236456720866753680203881266714   0.480388162694522939980454986118
  26   0.718867628363872079619095013900   0.048954689990994747490626268004
  27   0.385174982848062621314961193070  -0.503390670014652893475596935327
  28  -0.417835322142576244036888453904   0.000000000000000000000000000000
