   1   0.753221398369747506737601182956  -0.591023744305561668023689583244
   2   0.463165117859988678378545713694   0.561325146218475975008332230554
   3  -0.839890106808320187512790603361  -0.457091811739949334183807667340
   4   0.447654434590374325469384609397  -0.673341170775431958689958475023
   5   0.840247264984498122879100779839  -0.146359660556240412225975479824
   6   0.652755024944063311162798946041   0.696065353320377276128527659060
   7   0.201412859235191790471619553867   0.932003076981010326745442698629
   8   0.262325410887824259010568477352  -0.915955790645021099037258743746
   9   0.530956316123970189970182889375  -0.790238950818012222462572419896
  10   0.455136387513669121894041177217  -0.577385737312720168629930087335
  11   0.039751803190842305658061184661  -0.404476915233113036699706326134
  12   0.105162906478879508438268728669   0.943680281551638457938231633302
  13   0.373587403956388480254206932931   0.531159655210767441075898719051
  14   0.455722452531184683668596399317   0.830853119756670953090621339902
  15   0.518611104336587560849194467203  -0.497493881442971915471607428198
  16  -0.801533812026686677514046688751   0.501835367683461548825950174179
  17   0.922157018715271414107915853412  -0.204579681386935371806312169883
  18  -0.776906939229434460548164519869  -0.535225853157300775952831554941
  19   0.247581062141882974534597695629   0.705264093891037950680486823313
  20   0.280681663609824879658845271168   0.590809216277163268903582123473
  21  -0.288244642975565394704149443455  -0.894221018572790635295823568667
  22   0.933961537349005307913008588013  -0.087778149281277043961550161171
  23   0.189210854064784543313632668649   0.146888299080804362097744000821
  24   0.552963013180839795078223275696   0.754001227951597804569519468680
  25   0.713611911957519708317769781842   0.601521694983912572564134015460
  26  -0.244545318318044184395690020336   0.898762111075821642115291904213
  27  -0.382892075009191045778378841453   0.846972768679250679879202451719
  28   0.564738212393555562691039957467   0.616917548838715809529373803788
  29   0.271762342920312161430761009949   0.456507314854430742947484604819
  30   0.337178193526290127559018782051  -0.622060656199096434298267985672
  31  -0.703040347118030404987785766334   0.593289376697351456190726431744
  32   0.223026279510434799401405143183  -0.021307844383971227875358957057
  33   0.143640279162484204753630948852   0.808423115437484416696299222240
  34   0.313543030380536295310296976821   0.854493580392683612820509398906
  35  -0.656292677727360836085238459157  -0.624948405714237728151927847419
  36   0.403214349747360720092694910060   0.689307788711029836351799929111
  37   0.167092580857094550616882323867   0.311980186291505604357348186125
  38   0.375271370873928513380204696798  -0.808356951833164341059699812272
  39   0.604744725411977954361856147796  -0.644636409009991910842632464844
  40  -0.054399981455745132480025705127   0.875470162492956938430015590461
  41  -0.517969574761672933410558514676   0.696402234630882846383070590263
  42  -0.241686283934310338181982007644   0.687444672577707087834136541060
  43  -0.428634070245539921762926929231  -0.727249365060895149740917418026
  44   0.050175612259365596356953473574   0.566959735740789094538581200787
  45   0.722266413797058142071154934121  -0.355469770603652493807050460758
  46   0.302428592883736629895322612703  -0.320233757161503507112635751007
  47   0.001363221277971402963283899759  -0.725885312965959942661305315098
  48   0.612680515035902322062746314255   0.187775975077932832127543784667
  49  -0.429821136496166606868573491959  -0.000000000000000000000000000000
