   1   0.178047552311362845068852045947  -0.157490616070873643528707571990
   2   0.358848211330677657125518136519   0.779600917013700550970379355761
   3  -0.176895884100091524107961503193  -0.744226077481565937949371569866
   4  -0.806640312303895185705419883067  -0.498485143060953979255180512514
   5   0.946212331371077642275950807868  -0.045393903969015606690282794422
   6   0.718600664607337537649247571064  -0.308158646797847273674453604087
   7   0.449943713457423028429179770190   0.831296185089347651412182529444
   8  -0.793305688492965248563959253154   0.511948594461006303600266842294
   9   0.805476218420005222033781602103   0.490355962246852198801016578995
  10   0.327284008264965399553197974689   0.883078588756326965888727178683
  11   0.927457100823100604357190344265  -0.156025277798395840432225881827
  12  -0.380298633122647871230523983217   0.858683085912139423787414106196
  13  -0.293766038941355326850192368810   0.771013212624961063736521184979
  14   0.189810516912043273213257228838  -0.916409779022308264006407900259
  15   0.256528880528508494665371129856   0.448102615566461325656400395834
  16  -0.413977183921153429588811797524  -0.835898406640141259156279267139
  17  -0.252901380741859436031456156162   0.895927023610859902208318543975
  18   0.184221560972532859453305257866   0.212448618586743196360527303443
  19  -0.301225023138161391801763714983   0.635727089618427534415386179908
  20   0.921021776514025912783047586511   0.080291068778455253546004128070
  21  -0.711385716433196285175964641701  -0.586557600218695914253816869941
  22   0.801037114505740955992576240222  -0.450969709645571564522513665691
  23  -0.688798145684141453994471221975   0.604355072404162559827826222937
  24   0.129174516484147044906762095073   0.360493358009811056224078080603
  25   0.861747071727804452028184598422  -0.290865677772721828617330109108
  26  -0.255656163562369474029417725294  -0.868687110351855050502666134955
  27   0.331273984783734675727346408950   0.297850162681299726601827367121
  28  -0.312117238480943910656994109610  -0.668960909235370372479691794222
  29  -0.101450976377520269287067032480  -0.602616728605660346287038127654
  30   0.530029187064122156133361661516   0.215638563497791669768889970231
  31  -0.538757379395307280481286033863  -0.691006604623327341244785364344
  32  -0.496534734580012726486134655536   0.703778912366166277198977485410
  33  -0.017871023611273882000584845717  -0.856171696739516830183999068024
  34   0.796337499014008560427097504163   0.276531502992783335065378666364
  35   0.324076560150490937553989129920   0.011223700720630122970172477956
  36   0.687699444589227865398493033146  -0.059876506431155930420882531948
  37   0.529049142065680105582223316072   0.559820340308574942252341724661
  38   0.039658519479445565919850309025   0.712414451051952648377482265570
  39   0.363577833126856458283278901416  -0.524321453018014742227024227671
  40  -0.425432755802368122308036170004  -0.000000000000000000000000000000
