   1   0.809454293683956621649043555402   0.475816915579073794754421235112
   2   0.517529425911004221917250234692  -0.046310189288952818884044643232
   3   0.459526753140032867450725561875  -0.360522903299958106758883665621
   4   0.764317363849049187998217640980  -0.539542907449930320201393428026
   5   0.206764410184916987503172851260   0.910563664222018849895530491203
   6   0.377536797500077652157819927243  -0.851766132350965581459665007422
   7  -0.734550523173052033455555764110   0.570754714818933033926818966312
   8  -0.442378352720925606826759484003  -0.816018346732040329889105584380
   9  -0.719795034888946884736165503134  -0.582621064440065620873528893497
  10  -0.631425528420061464428230986445   0.674203007118942435425732331177
  11   0.128316439887033705698694403575  -0.369717641094988301896421385293
  12   0.424492316628994076750217522626   0.064972097361038699289760723450
  13   0.240606152563992658581682677719   0.080527980956021935113667616556
  14  -0.290355946400921166747410912625  -0.864721554991026470606094245362
  15   0.285394141720039768855229896879  -0.436224374932973981742062745335
  16  -0.196485755526139875945372437450   0.883095020523332983869093823273
  17  -0.332352281589937860770674552367  -0.681604896963030299246285602082
  18   0.893142774075995434184340522918   0.050082409227081424303003043642
  19  -0.561337023704938236764960336908  -0.677480617515051174881812446845
  20   0.025163822234919584634825052918   0.882075740065002294086394522795
  21   0.637521397285273788479181236336   0.096309900571761562729657690977
  22   0.819290703498055433251129560732   0.280631290351894606526296673655
  23  -0.111913053683073242868160402531   0.658239450800138011290840521346
  24  -0.404594927506400820143746445237   0.737946333294856071864705205084
  25   0.315589756442015534645120442396  -0.170399444949971228926999073220
  26   0.512996254637321834981373535940  -0.616143212399999940779915721852
  27   0.729410601185484241688270892662  -0.246534049381945134973178513870
  28   0.047442971964357311001109359309  -0.719749084562862115507641504904
  29   0.376515719770597818910753437346   0.511101633963019823461522458625
  30  -0.420303550577549966035898324215   0.000000000000000000000000000000
