   1  -0.071417542526432702881811780002   0.499514350839631992439611144353
   2   0.948069345800386434204139803903  -0.106701420985843876990492878778
   3  -0.829031019229701006759612603241   0.470607412307894794128990563845
   4   0.633502963521866935516896614548   0.271128618144706608989300283168
   5  -0.341290097474533114191310754289   0.888570322167254174794568655914
   6   0.581283223766478583754676363071   0.065241374122734188420767500345
   7   0.345365229230000000000000000000  -0.555861612482000000000000000000
   8  -0.534875744053146181649252771245   0.784333903046018742311914142572
   9  -0.308740129777000000000000000000   0.794125120605000000000000000000
  10   0.182608692004609525457659797737  -0.141917996912015622459430048416
  11   0.422596835694415225813003149027  -0.477457854964903998912195567008
  12   0.421217194502051394658356549042  -0.846372489541708435866037878046
  13  -0.487922274252743333303731967320  -0.630241021851838532541483700310
  14   0.162483262398650485652909302181   0.929091795685103088765890936884
  15  -0.104894559524542698310816042163  -0.564416867129041395045836360518
  16  -0.772759996391596761803542151308  -0.536292938949257593910110537125
  17  -0.434656778338588812267511792743   0.832747248678448030738574218445
  18   0.756078209010000000000000000000   0.554848808530000000000000000000
  19  -0.080108464041626894286575835199  -0.932959880578907527737555808594
  20   0.730586002551284513233596733634  -0.583143453347583341952948796324
  21   0.211465045613298744815288378567  -0.025307113528023229041863869200
  22   0.557840938234276888508983429280   0.181669827156452875892445014360
  23  -0.746035107965003485635772507762   0.553958766162844016551346777421
  24   0.906586286140607370578062336737   0.193808260239219476817505847445
  25  -0.541803065820077248569581405216  -0.749468573618590292696264196491
  26   0.008099517131696921926469038194  -0.488763679743972163951349594113
  27   0.212725316157088769311022644346   0.122025566576165781284336122668
  28   0.322714172324037811315053620628  -0.126353042139064816138443877202
  29  -0.206577689048516058462686914143   0.889756896822243417116448596676
  30  -0.656007500816142036387568845031  -0.629794595069604910748478054401
  31   0.905407523549451324220496609256   0.026734418840005978061312333601
  32  -0.610840184145027032372531643499   0.655933175427512109702965781592
  33  -0.409115636702041694875570987453   0.670573218192128440919772102225
  34   0.727637480382209333014130769434   0.128248998662472775469614151129
  35  -0.004347063545007724341288715733   0.884260968203339331007334685679
  36   0.407434902432433001646005520475   0.062143348644552968196854183965
  37   0.788623047806992325349034943943   0.361922008088573397933180903327
  38  -0.162562347737549109049096652214   0.664336315354498250015591617892
  39   0.523307628233305626961742290231  -0.661641839066604947003094309795
  40   0.226066632929668292354892749973  -0.364157728709269691116302104041
  41  -0.270954431612822316201624938747  -0.757223499642464973370027130915
  42   0.151962235424040837574261932147  -0.757754640016942523831368923048
  43   0.659992146505050457527329973260  -0.250140672886630507896744555005
  44   0.331669356018998617863669770794   0.546661975897372189112424183749
  45  -0.427566955554006078472465295287  -0.005108950949137508328883817522
