   1  -0.842822246662388216746976667120  -0.452904648798018084046357263954
   2   0.754712776894479458139542548694  -0.587122274408996737456357211184
   3   0.448149161797272392061477334926  -0.669519196455756222653578054039
   4   0.841578389683838617148673228244  -0.139936579320663740402594850471
   5   0.454214812017667824550094399249   0.839159948487627882167206769967
   6   0.207412533303487444928925776520   0.930653200900500732162262421326
   7   0.534011976828744299246291186964  -0.789064771846110043374601915089
   8   0.265223497580014793124283647531  -0.914325930634495902809864081687
   9   0.040211798322903474851866752685  -0.404626053638398354659403953431
  10   0.270863735233678185661998842503   0.577461648035840103695908154965
  11   0.754335603468107334323841614843   0.576688933393102923226903121190
  12   0.454105674223922982355096287637  -0.573882034268807988835442417517
  13   0.107596741561658479313721607646   0.941542568972629490171849175909
  14   0.522976862179315808320452916505  -0.495017312547247968573357423888
  15   0.924260073162530368400897687055  -0.199685625727086788299296814540
  16  -0.797910628849457031003350400126   0.505474434774403714007879519451
  17   0.535707729741613932043821219089   0.776539154258882597743726578864
  18   0.481315587208461288004385544663   0.589229540391860599164538154010
  19  -0.776755501106254296707246218766  -0.530996683123835679129811077935
  20   0.374100391494619354095849865120   0.539330182015195412630692704919
  21  -0.287606792031760882695033844058  -0.892951547039081350855333251771
  22   0.933034545810170341680721832975  -0.081521043995856767485326753775
  23   0.188267295465451328648336882827   0.153017307809270772015040267177
  24  -0.242567674872002591718586970238   0.901188426756858893005479782769
  25  -0.382643082717464982431086110691   0.849094822280044015876022446998
  26   0.271715847114829454374781823848   0.457123448211552867873162395553
  27   0.263503705983064630129426557977   0.699516441501820216433125078473
  28   0.337949580967745059821195925705  -0.623570221161333755952240791239
  29  -0.702519310734731793111712206110   0.597993231928699507926404350631
  30   0.415889418321714407944166667339   0.710668370242790737291489841083
  31   0.224551584117612857941896478444  -0.022992119235410992591472035941
  32   0.148278599345125112667927592358   0.809022684922323598710638676981
  33   0.319175892871337810256866811465   0.852311989757383611763564298595
  34  -0.656172940679835666046316322742  -0.625002926785221350053775521774
  35   0.625002995815525923295362179453   0.650061609848759346743653277594
  36   0.165374766477655196732369850867   0.319685380136585919142444055802
  37   0.378895145019756482974623605625  -0.806273197513200722048580003586
  38   0.605754392347005188144292211372  -0.643181951381366981648521972177
  39  -0.054679513973753407524182165093   0.875376185036419763941243858626
  40  -0.517958581262596750737268496337   0.696694030532881521808651986725
  41  -0.243578618014976261197077759334   0.688736097829909798402377114931
  42  -0.427989373217110935353984346621  -0.726446309304307991787642135838
  43   0.048594529049793777256502432237   0.569885223915653481325337060714
  44   0.724759458361808658970867655857  -0.350079961343202160460887520883
  45   0.302840096772068028967768428567  -0.322410535475110718029705167636
  46   0.003961971682689772582478408843  -0.725649733583849781912259165994
  47   0.610932661144511158988998745170   0.192645278752539288862931810768
  48  -0.428645260385659857680940665352  -0.000000000000000000000000000000
