   1  -0.507109600279447130583622664297  -0.783803140443557084496121715475
   2  -0.890410097206493983825743412172   0.274355376499187159218004755878
   3   0.346609356173915888972337895781   0.185818854136531603038444890486
   4   0.262553461982969041775807286279  -0.194562401025834803676341510019
   5   0.920686636363958533524948855767  -0.096373068807248731234452657014
   6   0.421691277393743536333801792303  -0.821357126119973370136591363808
   7   0.201112202357222930456076928400   0.152546303630742622025144158841
   8   0.553245820006395473242620165376  -0.732551190573707472546675357295
   9  -0.138956309627000000000000000000   0.904269974738000000000000000000
  10   0.068028092767168061676079056866  -0.636424092719415489904952623175
  11  -0.357280449820815122373988229913  -0.834914417706397564063752934837
  12   0.471946452566029249128804361013  -0.181116307951790881856115153103
  13   0.673999038878113512000802797252  -0.595642713128702567876289697905
  14  -0.791148764272372989283756372608   0.417131187686704689285323581941
  15   0.681241192607620832118315010752   0.570705336210773367684744955024
  16  -0.279523589795632674847236826970   0.547645068836252753501947292377
  17   0.331983770168272379727290199029  -0.009383588936231527084330295832
  18  -0.332109112129000000000000000000   0.798634951153000000000000000000
  19   0.199124887909748670750819219002  -0.830659175800801985323838802757
  20  -0.106047393480461545456081103117  -0.833901678382819880716940699040
  21  -0.570444548518646282707197100287   0.593739460314403362691658578078
  22   0.741019576880089514334850353350  -0.302905971775239757738026254451
  23   0.350518211778495741932175182637  -0.485106865414889413967987460701
  24   0.697024621334102941164038531710   0.178883736381299851236914577762
  25   0.203068284230316752132175473794   0.599109381394967886831416786293
  26  -0.390882128418569840836567229277  -0.144601134276374033674042702551
