   1  -0.729705212109423356119271994419   0.575800954665762406540674559723
   2   0.850669154545009976922663800649  -0.369610538860281026061216604479
   3  -0.123483207202901956589758980202   0.594297107481660383157954376993
   4   0.871005863778634618163624587299   0.305303366900313767097046474160
   5   0.009754687638078721857935192228   0.515421860666793917118586212748
   6   0.532477633971015747714631252344   0.747250100291666997029542018739
   7  -0.671347379743538774833466315145  -0.621051201969135686820450240240
   8   0.658730982090282302600900730022   0.629728764053467423537146182530
   9   0.709984606890649115732055157143   0.252734289769220756761520912642
  10   0.198811920354586762576059151018  -0.881303846339944747115565473631
  11   0.364714065535894540407405046709   0.821623349841618693327221025576
  12  -0.584578375070172725075333427268   0.676312384527159308645722088979
  13   0.752560743312741631248107833207   0.452467749504098433619921979909
  14   0.874587586758994486805988974003   0.109745831028657109387919619325
  15   0.299006587825616096056488281220   0.010567205746213950516122954738
  16  -0.474788378849615771744248971057  -0.722248427949519167758990375870
  17   0.829490821365543842690302473166  -0.151538885250412304825586593698
  18   0.584667546375930015855370299040   0.033421785233769428940165176918
  19  -0.313640001929402023397717402640   0.760259364547114881345334218932
  20   0.062695177293805710147075493141   0.796999789029744865541707808725
  21  -0.107506274629911607378694074849  -0.759727452557141075476743902410
  22   0.356924129123009402140933866038   0.414669520996700086143945267286
  23   0.420344102472806002494859200532  -0.470079103977738587952095057514
  24  -0.413623073922531697707118138139  -0.000000000000000000000000000000
