   1  -0.064650610178671572317550437433   0.501265438498135988636637128668
   2  -0.822708790870791596152576193055   0.481685696068245266409229427205
   3   0.637185050540929728187560266800   0.262101345086223812596347630578
   4  -0.327891047373784719551380907495   0.893609943183940897373606832698
   5   0.583041916085280459802066740280   0.056972305182649413803327132137
   6  -0.522395138638980637961536027384   0.793687108760518093190537970293
   7   0.335069314631054987426165451344  -0.561085823645522940558749646407
   8  -0.300859885238834582511501880178   0.797489333841455993195262890188
   9   0.415892672440285593842333360736  -0.482116162769698511491049515805
  10   0.181006274303765909409869779831  -0.144425215573060250170547176447
  11  -0.497705402900619033823592353465  -0.623244849773097308237431714096
  12   0.408324699239141802244456043666  -0.851534446487119155523452216212
  13   0.176102975549349428766298575037   0.926623314673876488984173013971
  14  -0.781852162169000000000000000000  -0.525257883615000000000000000000
  15  -0.421530807556445045883246385909   0.840994963120485854360072863831
  16  -0.121185312751071025044807760928  -0.553509808956414809900209698633
  17   0.763974086971000000000000000000   0.543943875251000000000000000000
  18  -0.093825667764903588429578385428  -0.931691451391826877423883992595
  19   0.722036978053456105489978185398  -0.593712822416736241847735110466
  20   0.212612383410813404775879717619  -0.028221878968439582935638876609
  21   0.560241366913830769219000524929   0.173340142019866217855143409219
  22  -0.738722917602772381682799635450   0.563709423666095667548214759757
  23   0.909318433924171906392784784503   0.180516762858974118085761350227
  24  -0.554104976109253743840552474238  -0.740288970348400239422644009909
  25   0.001047132255447723057954020663  -0.488566179878621092246643345704
  26   0.214196590126296388479626762299   0.119083362317698038011071334409
  27   0.321750331797957599431603609151  -0.131508389510609047930846969285
  28  -0.193198246438971131100681482021   0.892772205670015385371525059820
  29  -0.666741161454855915034712144393  -0.618869623699512070624725109023
  30   0.905737993285803057755811482524   0.013449388607212464377208103426
  31  -0.605358802131117905644032077761   0.667981050379048716237105262523
  32  -0.403631023412934852155369442233   0.679191122774381396689104917292
  33   0.729271424712625481697932023360   0.117635247090131350556379473301
  34   0.008893887516400713994182918690   0.884246021205827467226031773375
  35   0.407948223465156743343096676004   0.056279582774828441570956509737
  36   0.793881678557596672209624715925   0.350290755163869024801051804774
  37  -0.157395818008753078758692618293   0.665940619249911678193447677041
  38   0.512938200851011582524676035255  -0.667114541309049986863308693750
  39   0.221208140476449997865762564911  -0.367646784263169399417263626156
  40  -0.281970761305394434722437921636  -0.753225183212816675334280211181
  41   0.140823113041835757211924699678  -0.759941708661502378720976644941
  42   0.656494201107265086118696974470  -0.259736395095681942901676854659
  43   0.339781118870597456114497680638   0.541727567634236794127070752458
  44  -0.427691059803053873564311442078   0.000858946790071514383115942342
