   1   0.163071020355209987556429755321  -0.934940512304472503122814102036
   2  -0.168045674023965771425316998832  -0.933130667179991444964861062119
   3   0.139173960315884110967412132335  -0.293709945838651588863734122347
   4   0.901078605631757896046280440830   0.288655401038814482188112565688
   5  -0.510172176277391519409366584613  -0.639541145045530878297901264061
   6  -0.768787578681949751198227612697  -0.547720392165843418061528945745
   7   0.598436155451892575278149481316  -0.728615334429738834690425513473
   8   0.326992779617225195146199584392   0.407663032973023486720255647135
   9   0.260175182798306772951270440229   0.504916631203341146148663604917
  10   0.213558006243574470433740389679  -0.000220287181979662251716162614
  11  -0.785440400887620564349501811084   0.511923722909499472274620900647
  12  -0.294243946483726380368642391296   0.888555666762255731472400532166
  13  -0.555771302866747889257601011411  -0.751133928620096698314297912822
  14   0.835646282269922419038490596193  -0.414166650800205520499124575788
  15   0.322552873027000000000000000000   0.872795903176000000000000000000
  16   0.730522989859000000000000000000   0.573333635631000000000000000000
  17   0.328457764051243985638109758107   0.275974648318161582694698121761
  18   0.469769562128550017038995956691  -0.438502114658300859842375316480
  19   0.458358128816550934870563301966   0.370547266879507750544548182470
  20   0.612551785001551902232088235934   0.409964524546979197364438261929
  21   0.214621635269173355014587768658  -0.179773535419027202366318767967
  22  -0.655444201943905109394452646169  -0.635444717065683637316642541754
  23   0.221862966609302690309108417654   0.151270539258774116570704778497
  24  -0.665625647806785925527585953595   0.613612619743475701328586679757
  25   0.103798861820685088216282623351  -0.441478632258103612862343738882
  26   0.797560820746444542121294989409   0.407975391696820335105399347495
  27   0.297067004333315314632536256172  -0.361958476680512105148535191634
  28   0.158539375372366499388276145606   0.360854881442185644904536325162
  29  -0.001685547915583170092381197400  -0.875941285045565934376192694247
  30  -0.042243933910728455522480527806  -0.622018703911945986443373437612
  31   0.665083244124761388342821613305  -0.538896977209981085272977046949
  32  -0.436663485904877485457475568953   0.719063732336895288430778557830
  33  -0.316016377783721221619729338010  -0.761978879484499302644315348370
  34   0.472106768605470993625968159076   0.649645486037676681605004179454
  35   0.314239662506318718320047478557  -0.699896165210910327020786579564
  36   0.004090914838357287872438762458   0.723162075976133248290466526980
  37   0.636399379193308834871921087250  -0.033008866682345285715627551708
  38  -0.423938008332691384040907058577  -0.014266216567343570521322663238
