   1  -0.059971272820785091064647230203   0.399626858204023346153593377938
   2  -0.663022575179898586511635043617  -0.585550942166525360978388239598
   3   0.755222612744545795118925765363  -0.454090910663581378819454297113
   4   0.297151501526333853176082717130  -0.825238560827618421849647470075
   5  -0.630859726112058425571459200788   0.604247957242172140360032362704
   6   0.113709823237173175543407531201   0.569909502032332374234103908924
   7  -0.035423577118184868240537002124  -0.863450719440842492251453987237
   8   0.502149616799556907117628528074  -0.323241760491692100150183204242
   9   0.090755340958586024412051667779   0.847499424357005008586438041797
  10   0.816931720906442419281350115498   0.216519793142585885679091982530
  11   0.671407003300246299401960725184   0.499381442776260329617004651949
  12   0.527506071378502926839766113440  -0.636736369670338198358324677934
  13   0.395760406059237269665341104266   0.712350389834359778608481172806
  14   0.788238794711024287930898329618  -0.137106012882931955618267657895
  15  -0.345822794247007344919505539420  -0.691528423990710899640659339444
  16  -0.270666483494918615978112504709   0.694394729285623961258808655423
  17   0.103727249477532067892814856675  -0.468697215249721328857710784594
  18   0.314718868513622095432871877428   0.135147458815636045351178799569
  19  -0.510283391418038051849387360531  -0.000000000000000000000000000000
