   1  -0.847867934983953320507360102494  -0.359992979141784954488445690307
   2  -0.272925886851858302174498532028  -0.451770245994149277868806595032
   3   0.483596500423718666618101685438   0.781116739166174399057079743384
   4   0.578992195134150643514004714667  -0.711609733644544390265535540604
   5  -0.696959814836757364257162384842   0.311511118438438711373721823661
   6  -0.106068595118970277923851820671   0.731092602041640683738378823888
   7  -0.866291622386074392877447117984   0.288557174455152138132607924213
   8   0.904598980699716460965623874740  -0.111879922281273106156685638516
   9   0.517919293397484091355717721809  -0.309133643578536404246925513213
  10  -0.030299172550000000000000000000   0.038858712161000000000000000000
  11  -0.200052994826648130332174656635   0.883762724006666703917679688395
  12  -0.234398002936000000000000000000  -0.873145886158000000000000000000
  13   0.695853383022598623653471658283  -0.573845181136330886156375676531
  14  -0.415703143723000000000000000000  -0.797787172358000000000000000000
  15  -0.577856000324963645025339065265   0.686281630076174107913869053899
  16   0.232880532985700187951428063878  -0.575406897421970036406105784953
  17   0.002550934931112311307663418010   0.891595803216149308778555404378
  18   0.060414509817355386145605357678   0.623610604855235709949554295193
  19  -0.389067342786882541403735828743   0.794917498564976540891422307044
  20  -0.716333400345281560589786658615   0.513296769339930549243911496658
  21  -0.241198431757000000000000000000  -0.653927990612000000000000000000
  22   0.056324875619227200270762882616  -0.162952892792726824928587816165
  23   0.468747963914545064666785931778  -0.526601632586661945786236059381
  24   0.368139759722194572843300634358  -0.778696736816050866596718351713
  25   0.273893861387900036549960195034  -0.327837172906125694061117864265
  26   0.250538720521998253213624744342   0.807989387554908512369066836025
  27   0.770274802366346524564517823361  -0.324042583943077117286924218147
  28  -0.019056739399538412453631932333  -0.454755606201665201935267870281
  29   0.043117924846000000000000000000  -0.811076890216000000000000000000
  30  -0.276890766351755135553072002566  -0.166063067739172685574320383349
  31  -0.577547798657123343352789675080  -0.509325064046016878103326510440
  32  -0.729908353304822481100679452585  -0.036425030669882670029537819277
  33  -0.291252779963693295155023125544   0.364619846971381318995760318831
  34   0.483885712126463951547045077919   0.239911832160304645140643670500
