   1  -0.046009592460862464048822528411  -0.932176566646277829680237135569
   2   0.002238316734026787320308789264  -0.299097214896584211396834289898
   3  -0.931073639481976065159602742490  -0.036224580708645362646024811341
   4   0.405264660427058881315659473603   0.838131116787828832227494978548
   5   0.823438657748357181324188273547  -0.432548123090224386701435546805
   6  -0.922039582172664476574025472914   0.115323040855518695800025135738
   7  -0.708777391603236158550713804404   0.599579810693144420627239281052
   8   0.317595321868641387546698273751  -0.455491256813511427951479196803
   9   0.021081499239135573605727987475   0.926214383070776409130046407685
  10  -0.908320058929055885629771139885  -0.177182079417452011358705092254
  11  -0.444195102919373205413930343242   0.522259195815848602210103573920
  12  -0.186667015219680384606666037488  -0.904211275903342054461937186863
  13   0.737899308884387078972754229633  -0.553008168384987092265833764557
  14   0.527678233797798517520513524909   0.754745233874355362580345034929
  15  -0.597876015928016461377421680385   0.495657287010653052896286846728
  16  -0.880090553414383415416231238219   0.262015075564780816603105113293
  17   0.356145656449807027018706107895   0.694031136520582957426918236091
  18   0.906572692185132146693464368214   0.127205842987787426948273748415
  19   0.006806644809066807982871909608   0.767213447284101423320248244201
  20   0.106190001326899450604106767270  -0.906063775531916579613053311321
  21   0.616111337273886414096356957840  -0.670330939333173117305298392195
  22  -0.577214319294302844444614633709  -0.701803401217444079388086976406
  23  -0.843714528073089960128581156225  -0.332091351223559562050683816787
  24  -0.086379459076120738144587605192  -0.435688697784264665556821852809
  25  -0.017744928691855209613628857643   0.371201074318280777075444125004
  26  -0.467440326259985460387383745077  -0.545072476769289210908836679498
  27  -0.360959385947609519133556466871   0.821570559870347536184879459482
  28  -0.262351141911758651006243520466  -0.532453126413405419106270586622
  29  -0.154464730702006165106920765429   0.878000709827086399243351473763
  30  -0.778523736625930470662021984855   0.426872748861372000329566394595
  31   0.130066559066888776637413504903  -0.469877089019713389854182792930
  32  -0.541196249880136741927395550532   0.691628829114309602276368749257
  33   0.157805786846910466023002607869   0.235805712385933537116986767947
  34   0.207160544025114086489969851826   0.845859363226866201710447729817
  35  -0.699564614984732662642959967043  -0.508954035029223600753801907252
  36  -0.352439230173001011359532045640  -0.762343785711476846075151772516
  37   0.538971850682394838440449730443  -0.443669021980680342075209462874
  38   0.150016047795765631239141372471   0.564291484867084969155033414809
  39  -0.042174200136053298321297415616  -0.696432445673507679799370956719
  40  -0.194885342676280621803435707126   0.589630502717489803007555768539
  41   0.332090577284433265761882743002  -0.727743240945719969690204867191
  42   0.762585723665696204721759061986  -0.145378172496390389298360767745
  43   0.278742064795542089371623148341  -0.126924806735026958710672670852
  44   0.579546400725402748779870496194   0.362667478517849407423226278810
  45  -0.416764612089290958395671191559  -0.000000000000000000000000000000
