   1   0.163636690146700765493297596774   0.115379893803718695870298224675
   2  -0.519756482740871348734995180753  -0.666704460265548525291202421243
   3   0.824481964893519702898258076027   0.148886535701492993557047383523
   4   0.489139660927275085233254817915   0.135697023873738924626469672964
   5  -0.421745287904250093320385562915   0.699784353590033916146718389231
   6   0.659109219257264034215634041409   0.464176837600722270582242296011
   7   0.443878607384223797227667025488  -0.651905976576364354468420766767
   8   0.214264706047297766652368534460  -0.258621955388529177548725896215
   9   0.699996147198688382082196523180  -0.250791887373477888979848706204
  10  -0.070277081035818804941946118221  -0.700379105301417152804326239186
  11   0.126270880952626109000754846172   0.624714752632388933594886127608
  12  -0.487133049683664358123725484016  -0.000000000000000000000000000000
