   1  -0.926222460743853694027551518405   0.090693964038992885501295945754
   2  -0.015483638741325068861648027284  -0.929682619693212656091939025272
   3   0.498189966162589964405184500876   0.784050735090413713076643564599
   4  -0.017275416355007785891167059228   0.927857680635496636864955848155
   5   0.341101044860286770403117044174  -0.439515807752596114325028915901
   6  -0.907745435515314245917038243226  -0.183351455447000560103556361753
   7   0.011289742392514032324286353342  -0.304673519755286907346980372499
   8   0.366017307197269258949964795257   0.848450807116272799325005657155
   9  -0.161249521849905733382914661761  -0.908728585441399452869440362587
  10   0.304334205593773330479405492042   0.707123705829359420528259349083
  11  -0.890044672546223676071052465580   0.235024659357252081447265213851
  12  -0.066381036673039507568273239808   0.399304731316814323052350548261
  13  -0.025113595437691016457075967572   0.773790767070896374006296844841
  14  -0.486985413248759731448971599924   0.528056631736953056867190748468
  15  -0.360121493841101923631189065062   0.841224922394956680136454472505
  16   0.894978659606796100361174214611   0.183057778520890123901496633133
  17   0.140227175286376594698390037892  -0.901013755943742158116609085292
  18  -0.574705264216416001089305649014  -0.705707302631835191955553308390
  19  -0.092310929226720071316928599148  -0.435198585716161066844341356417
  20  -0.841219386264707844756561624415  -0.337206886775741339807863031722
  21  -0.814275420517492167957940452316   0.393066113727845016468507878806
  22  -0.181406748326824469952585659886   0.883306942193627989404613107895
  23  -0.256345027415994575839071006168  -0.535436566368292751169846940126
  24  -0.459437552674624969144642662589  -0.550775974725934250876816163777
  25   0.650176861553680276601053625128  -0.613702031354394251974003096623
  26   0.777628397311330600645013515995  -0.434939203899194801386474440243
  27  -0.516975848359647648132100996316   0.721558891411909882669399967463
  28  -0.683899344854077342951345260614   0.560058002384952264047953369442
  29   0.149943178930692079627081681260  -0.466894260238735520276121788516
  30   0.165344945229314364343094544091   0.854921408786929112307334826656
  31   0.540778057535723323592838126661  -0.404964046191064163180122590940
  32  -0.695179925381750384542940922317  -0.513880609250597131737286882824
  33   0.112768360092324475403545744918   0.266715816706053727462423790982
  34  -0.345766132115000647257408889923  -0.776705504541738164248421206926
  35   0.109194291948852037813368916597   0.572396497107822520615031750811
  36  -0.034804746698390685729718926241  -0.690405603429134469209672808916
  37  -0.231564494288899807874784190318   0.605603780859364985249224658137
  38   0.359688851999368378914949373186  -0.712779912394568212246844403228
  39   0.768634759669521465616911864584  -0.101346065740849140569598742565
  40   0.284562943259315652617902702298  -0.111977375259747735422970965865
  41   0.553273412717240343241547100372   0.399119852148937754926078159019
  42  -0.415438502965328646936349074279  -0.000000000000000000000000000000
