   1   0.147907789726986047419739150836  -0.286107630017679050559963670235
   2   0.773409973400509850468198809846   0.527409839537592717290579268078
   3  -0.199952388557207578964772293606   0.359678585753617190762316865423
   4   0.591158578508783484054766227999   0.328379605619371036019460163707
   5  -0.828283431051253698409760686616   0.431663958337479951820428085439
   6  -0.143692198192847172899646267845  -0.922153361412702732097294391242
   7   0.280700791446559607983708147069  -0.889259342908759608920401549329
   8  -0.276270782821517142056229377564  -0.889757076801702843475773594099
   9   0.323804987475038652108752712971   0.209676774070889772071978550768
  10  -0.085726777008666254450298805506  -0.666560217751450185576064109828
  11  -0.816609340480202068899814302868  -0.443213669911599436671321084041
  12  -0.174195096489123120741983627841  -0.343050404404634744720624919174
  13   0.805210863050213475689268749901  -0.459775241980137860577566362457
  14  -0.412023750238067200198069641480   0.829550671433982365062100165891
  15  -0.455413939461917652402332069959  -0.507207711138211763864295808449
  16  -0.228875234505729970285728534366  -0.638495797899229405732162290085
  17  -0.176515724390945898595666301548  -0.782192225487626400534953906737
  18   0.108679478703733992324992838642   0.915300177827496531310554371344
  19  -0.049008579031656330197995509853   0.919208192500508342571000945356
  20   0.035290859085968591146370080917  -0.576627545491959331046772813571
  21   0.446991169598815425465241931055   0.297518707539971982584351666434
  22  -0.103035542031773772735168476156  -0.487580159076554957847064438271
  23   0.527704771019058007936064455468  -0.151163870232951335018137322163
  24   0.048657169218643667669074459000  -0.409567924006799587737808864973
  25  -0.471522667814364528607274809928   0.537999247190872561567473909740
  26  -0.304545851834205275884847625036   0.473922067388825746911402432166
  27   0.286871556030518206127751480519   0.366790779518305301738608394455
  28  -0.079957813727482725147003575279   0.255499983730570881516755625959
  29  -0.543703713805048540859536036922   0.721497455924284455664081230719
  30  -0.285065946113990934775921114788  -0.472912058299255158744030409488
  31  -0.017834442678940074497188059413   0.069727287700242905434056751532
  32  -0.330570465410753894424412253476   0.669581363758931310070320831506
  33   0.281335472542149502959607880627   0.847134252626710988795272967491
  34  -0.229435205228227190632873539798   0.859255695883586705550909868822
  35   0.127674218751571051018731310949   0.235190254877131134385889930562
  36   0.878090255293153601271989962157   0.079930100604532802941179951464
  37  -0.682358060078144978915156906051   0.551330286917748226335713659946
  38  -0.026670340351641597778725035774  -0.208676666123934702026388092045
  39  -0.654659136969799085630863078955  -0.567761114453994071756148088533
  40   0.796330673119208607916389147610   0.324874516977230773007829235667
  41  -0.429795349453504822521302179066  -0.736204908084936777320186464906
  42   0.062809862540828192646154098345  -0.837480348577314686869810420247
  43   0.592917712371471624487707690106   0.094638372568377358486232310324
  44   0.792846166689003481124234367298  -0.206613008428070313917937617990
  45   0.257116839097281919739452108131  -0.048897568182122385815330194943
  46   0.497422011465858169705137744821   0.599145705345690337920759857151
  47   0.020689704298723954137320812234   0.591540104793083364679343434850
  48   0.427143910240506999672596010506  -0.538147422267345915144692782548
  49  -0.557439223501097167635943937927  -0.000000000000000000000000000000
