   1   0.530339405707949284174559063178  -0.732892294568267213906574947520
   2   0.812689262022637573736300702101   0.392904056685429415954535115686
   3  -0.358979112570923816631849516309   0.825952211647310266411902429176
   4   0.356084092763532980685208459611  -0.824771463372570716091435666558
   5  -0.895301685258000000000000000000  -0.031820625258000000000000000000
   6   0.695992126150897048276310017388   0.560133662837834523224271129150
   7  -0.872047323996000000000000000000   0.180469183448000000000000000000
   8   0.611033795794741811838819874989   0.335422511374102078889222408865
   9  -0.848943647514266181352658233994  -0.247745422602737046828614842932
  10   0.670854762596399069509445068315  -0.570774728653349585171420356042
  11  -0.185428871734635690472663238135  -0.857073753057792716900712615022
  12  -0.135046102678054112205480332437   0.862069135675430051723865115363
  13  -0.769904331592330747516814787647   0.400306285682085791988869525197
  14  -0.223534535420000000000000000000   0.611224939684000000000000000000
  15  -0.715463413173284143610813457438  -0.470407194344313255347330580296
  16  -0.107152694189742335017746227252  -0.594639886108517180036250464298
  17   0.095727911461178117872558745078  -0.835101916030718283594291866812
  18   0.821658067565661075388550275932   0.127181650063797009568955117027
  19  -0.542287849800419577026235528914   0.614820118727264025810357101085
  20  -0.443753404193082673411602000458  -0.672085412540264242433146322635
  21   0.746946555346819090747875441633  -0.247203526209623484947616028952
  22   0.402304110272927753616429573018   0.053543816417633621965540188385
  23   0.292941445178391100238143367771  -0.448306896592948171287979095622
  24   0.255070361142648694405776270089   0.609881151570116505119439135720
  25  -0.310822726252609138401059987549   0.000000498087893043368431423007
