   1   0.794825389594921876725212210704   0.497182079308819993999325349424
   2  -0.290285951115090949495912433601  -0.890776309171107504474750940766
   3  -0.167096621954074622593121547063  -0.921195911588977386052780491831
   4   0.603976483740415010858734546177   0.303678251086538985853153332255
   5   0.131910615844795305664467848467  -0.295563026201091355661792559817
   6  -0.204701681680472249793353953473   0.911432206829166584107782962746
   7  -0.179963439746755932203389034558   0.339791391074110588390409548721
   8   0.250955517803992314316258236737  -0.898223774264519430967465609134
   9  -0.823495463061698028534328443117   0.436023791221570317805957659573
  10  -0.200741553003462147188833184095   0.776618483877139025030748739622
  11  -0.817662573407306937740666066486  -0.443194713965433721804434230647
  12  -0.283063392605946627224258346174  -0.432485736382787619901000435223
  13   0.333737031178134959632003113130   0.194871426930768867978117806359
  14   0.788680062478662177631558278278  -0.487789763578546206145645388341
  15  -0.125762882047048415603415339110  -0.637407405657303427722343667927
  16  -0.170119876890115927474358812376  -0.340868234713934710849951188510
  17  -0.145934045700966737786173494968  -0.489365690947562086334676966586
  18  -0.269180385337009173320237429264  -0.579491859008287176798981612764
  19   0.021121371076697757978722393986  -0.599321648761371125736140023530
  20   0.128780302601631328218848853245   0.911589851296910812259539273679
  21   0.460162085441194068774545026143   0.280220525626681311382119955934
  22  -0.417246840722350148672664826479  -0.505588007816711032648730496298
  23  -0.197653080863460888418855018889  -0.777132077675886777639181608268
  24   0.309707894507242501768764208803   0.350154079489785509532467452520
  25   0.525888583989881401513063449733  -0.171247179902364207985171130754
  26  -0.343602259892648184215829770311   0.844402839614917035236846878818
  27  -0.283317893271682378978526539761   0.458620557563196213879161599210
  28  -0.453392527874636851583409412776   0.524358647681314000311275233880
  29  -0.044783037115060791786396353198   0.904695048498554359042635225243
  30  -0.020554620200264465758947774120   0.025763228305997192759023957983
  31  -0.306383965645552458900125316502   0.646215253023212188456288535007
  32   0.017011566271931147660916279852  -0.419903071626749490100819504699
  33  -0.055111768531618928107637920234   0.223316437271563994493183252435
  34   0.156570859577153758340473547458   0.222015329812891565706046644312
  35  -0.506900536955829737981416107251   0.730985833660514074170203138982
  36   0.305083108350502039370102605430   0.831733836008822627258137505066
  37   0.880607367952149440716099952604   0.048053849923159040208629209777
  38  -0.030889070170396158382092248764  -0.201185519918483081152908264617
  39  -0.670541919781936959466423180001   0.558169869572874024278480807446
  40  -0.655892257959851933363809269901  -0.566675897154780792483657476544
  41   0.807972729069158327069010300114   0.295409507892756728236980201952
  42  -0.431146537781705649342737475082  -0.734496792980818162469188677751
  43   0.036004017625543128842533877457  -0.836688816885707887850961698340
  44   0.596568806824146658473997367889   0.072356300665388635258618413301
  45   0.785283190330762406005085204279  -0.234770397508108858519850060471
  46   0.258982249418271668936287116123  -0.065326453698838520384000529006
  47   0.522991896018902143860337104507   0.577304141754196567205643978320
  48   0.047068350351639956771257236948   0.567703922883196163337323650702
  49   0.408863062853652252214917608194  -0.552812392656689991667650563821
  50  -0.558175809885656025625491254008  -0.000000000000000000000000000000
