   1  -0.747860371139543561210119252018  -0.178445511645578158729159943592
   2   0.104220469411505319749908836283  -0.485460339714528604976549058291
   3   0.734426996195099591054136796921  -0.561123043468169158854019056382
   4  -0.467165998448911850825409026003   0.796249311436969164744401123346
   5  -0.904617493465971149463110953552   0.178415212433034575017461928012
   6  -0.891578467448558382488896848834  -0.230467210840593935138811026370
   7  -0.593389097358970770217279948206   0.702608657958955536143029446688
   8  -0.608005628437329620368344182909   0.379162372896639509597409309284
   9   0.204304877926076572668318106751   0.893812646724368030269950193278
  10  -0.643762907450256699231186953977  -0.059387403103257126406924561111
  11  -0.678770681639374486210559099278  -0.612055395928916755785647726207
  12   0.898774089336264465386042392048   0.157840515495259404201739698535
  13  -0.168677989284367773481819886936   0.540087226006268587031272597916
  14   0.206797891452783294871396720216  -0.616114879736990735753585028555
  15  -0.595672484478967637679735346040  -0.245979630655188794521701034102
  16   0.024808581898818267743034471694   0.904892907012006744183626006696
  17   0.408505064310685240016876654526   0.570071909075511684726166485860
  18   0.418481788321789828650032730517   0.174963054790762341353166013642
  19  -0.818929636344746703282995853017   0.369363542651620474584132561364
  20   0.568096838607553500550615904718   0.692534880899102172765327335367
  21  -0.511018539489612296792230588130  -0.732180520736405798265340642484
  22  -0.702348831904160211502151447957   0.546258234045140297459849833238
  23   0.378263585033048226938171211105   0.801400515337197007563059503071
  24   0.327828061162731340794901639486   0.371597406385625025154919028802
  25   0.288863430163689492179648519543  -0.418527020740824034646442125658
  26  -0.873639185675161142200798189111  -0.023230994749072677238885378781
  27   0.232675031141299309868903991909  -0.837064731892982052497019365183
  28  -0.762601940159960395674136007882  -0.403918770002492378910569570245
  29  -0.681488983707227256494212490116   0.166125768634359759284437251225
  30  -0.482987642425024653374181759818  -0.475084845260226829906891288475
  31  -0.419282267164473931826364370690   0.531147696242928995187517171360
  32  -0.218563769469229231044686411732   0.796185950121462529717893273988
  33   0.489154642399030217793260223686  -0.651204339885215661692275676265
  34   0.112551022205981496878311121539   0.620082304052549218991693411785
  35   0.673808604151912179966720197177   0.378331350862409743413258503820
  36  -0.141849959933188396386662575175  -0.716028280335385256481830805731
  37   0.656544802930240037476052830302  -0.171716353127204268996262885914
  38  -0.106810419435757045942571203871  -0.000000000000000000000000000000
