   1   0.120539493324755149410454229901   0.888766163619938485637710893942
   2   0.808579628422010075863803924149   0.382476017648626922361752640126
   3   0.341109739522311410766942601094   0.084559542316882655021711116841
   4   0.669847166236009503529381458799  -0.584581887354311931025822697421
   5  -0.108277499587297178101860805781  -0.879381036191439077917600539282
   6   0.122922928993644430057591761395  -0.874116905770748897102388689201
   7   0.789750461923417816959900209981  -0.386167394558183997927426294455
   8   0.345539253468929609903664250838  -0.148383969992696814334602716612
   9  -0.868103232383297179600858380101   0.056884416875270916899365150036
  10   0.226677610193022179660822447965  -0.400466240194033740519053066022
  11  -0.834147119960317049859563676989  -0.210165127425875591076292959777
  12  -0.790701094633616440649786066638   0.321199607816474397876738274211
  13   0.512269256435932939385983467645  -0.370554106301829290841349045923
  14  -0.690814589047648502000314673178  -0.475067720022000291148040420218
  15   0.002604680285552065518797782478  -0.608138191155264846925522920144
  16  -0.580012652065903672940202979372   0.575715162381147997558918014825
  17   0.382279751283920878508442459362  -0.695878630808082289217696984790
  18  -0.376834971061035631722224948950  -0.687202237201792984315032315912
  19  -0.181685508175948549563734277235   0.722625291786117377292601741448
  20   0.720768593627228574551034244951   0.007920590021448884910667259470
  21   0.386944907462616086493423265261   0.532282431037412223116449691259
  22  -0.244513486054162311488321489813  -0.000000000000000000000000000000
