   1  -0.138069862842559806438349395706  -0.577594452348265116601723942583
   2  -0.887750736667184721611281834090  -0.027240197927748992853673884036
   3  -0.848883571605038425066891032454  -0.250611230418814239879576451463
   4  -0.858568008110236555761109421552   0.200959710696449765250395310852
   5   0.876931121165704583748384456294  -0.045629682252233661091653506847
   6   0.847084345691847233103711170940   0.215789550783285481130162621509
   7   0.482962753928993427303748739822   0.723298288148058052315730818349
   8   0.235147636671321629271781618283   0.832060589992064433174877684543
   9  -0.742530838897329977204331933104   0.432450312768348527185244666053
  10  -0.710090259628357325183822323739  -0.472676380347471131201196079409
  11  -0.107410078674245037968421781859  -0.838985358568605314224747723038
  12  -0.529877993042940889102550891559   0.648580619834130346991035107691
  13   0.764341839303222928137710671894  -0.317484346368987845930152088491
  14   0.667656773024578817873691521880   0.468714671371059907182808367298
  15  -0.430003668455783307071081506145  -0.675787716058227744870885905085
  16   0.239562842527881188318478676267   0.474189997602120788511138756713
  17  -0.135052815042335453012436914277   0.744112621308951848981513044223
  18   0.481102439585504505225187276569   0.037046066539671783682791674642
  19   0.315605653205082271003923017521  -0.574305989067314343611218665522
  20  -0.286902789644879874276783085147  -0.000000000000000000000000000000
