   1  -0.657717039944669717467640736038  -0.590324803544648928883480485387
   2  -0.647052406995352889481247885664   0.596808606031886606388243668466
   3   0.817125650966560036484156010128   0.317637937999359921164245338376
   4  -0.073874259635112250443361325291  -0.474497988734832450455882881787
   5   0.672326325743092981105501070844  -0.549354423031294944269089532896
   6   0.803669824724308018798087418339  -0.315142367461243934762733446853
   7   0.393552053919426019608191481914   0.762041476529340747212024966630
   8   0.559401892863137490091322148588   0.226039197287545990967859544697
   9   0.105007812122120244845804919871   0.837523356155386842809200227107
  10   0.428507214294984918858967431727  -0.717416634621049612718618712714
  11   0.622112662646450757247936977209   0.542879342706643366595298865670
  12   0.813603110405215423471312225145   0.007814653079986143423395598580
  13   0.071301580472016726064565889068  -0.795519934911837011338528878409
  14  -0.339879767304472435507860145258  -0.701496073614633210956590912452
  15  -0.273908193580815349551423851598   0.701919474423201486857376791965
  16   0.161476367115958489418884418037   0.397596386785615988354322695907
  17   0.325431630352493409804196002255  -0.214209290261344829123427150681
  18  -0.506939477331785639544180497051  -0.000000000000000000000000000000
