   1   0.881307640196108177869373794025   0.151229341805503659436280318206
   2   0.231431083081836709693678449275  -0.861015034927351947413282870853
   3   0.665240074982862334079875011271   0.130577706099920782797786282191
   4  -0.072655381312865358407302474181  -0.405680844893546599284631878659
   5   0.006415575185361988723105663592  -0.882374016619190788737410798519
   6  -0.649781401781796338162222125509  -0.591516653056695608432275344281
   7  -0.639098884023907580535005608068   0.597354056236033175110092577215
   8   0.292480273427232701024009310654   0.818527568897911302587372516201
   9   0.489695244270009648290950074496   0.302521516052494341063480801920
  10   0.008128076254020317686282129823   0.859986426213123970953051858591
  11   0.765565645828701880516723753341   0.377593462491801401100165855197
  12   0.728832164694424536051900512553  -0.430865538983475888993620565493
  13   0.102347036274019535268781223333  -0.619337814224278628281968544638
  14   0.819955470611185045883690312562  -0.119142217452791017548027400481
  15   0.535108343202167560542552666435   0.617013874702395787563889296089
  16   0.460014543243459170133168144742  -0.657010778375346243560192076538
  17  -0.317965189048675996820807639501   0.715119678744591172481240622235
  18  -0.301117994098461269960874291554  -0.695139483912825454867723836516
  19   0.102715135667268772847888651041   0.450852332670186815130849372868
  20   0.300686305908136202653918454568  -0.140190217134984843037863140075
  21  -0.515111809028588194205463055761  -0.000000000000000000000000000000
