   1  -0.454006865222215924480162460350   0.805852006398183880108051581036
   2   0.091598530978831308552519966141  -0.493428400015744815418414525060
   3   0.711321797307318000266902415185  -0.587906047367917870383370944127
   4  -0.579063863716704397274600247861   0.717090731348996622102005678220
   5  -0.817350509114199255264236960528   0.423441884382692591182658853442
   6  -0.639225977263582594041530588173  -0.086663298830508329110817702878
   7   0.222806400910480702892872083832   0.890509269024931679182972362590
   8  -0.693476091762219682462113680397  -0.599353122947730594925183499547
   9  -0.912308924562182057946255894962   0.072940738828181369555082351494
  10   0.904007439296833119294034728090   0.130193712697589905334655402675
  11  -0.158025284307269594332489443041   0.544788654199595656454176173973
  12  -0.604254649873108267274474209974  -0.253278245152208217071809577008
  13   0.185516500666501151760703757638  -0.632003857715358276041807532977
  14   0.037811293522029434623278977948   0.906017760053804887265943068995
  15   0.607140686651190970654153780108   0.670853332560524500258005405627
  16   0.422424240666558091924463785289   0.162249344169034497708182243432
  17  -0.856166463831971290514287033098   0.248594738535260782645958219182
  18  -0.529150803511218925777530731531  -0.725279894093605341665474100434
  19   0.430485958055416149378091762548   0.577190847300189339800304852576
  20  -0.720200597525193584692410351745   0.083357409365274231816572870176
  21  -0.686792149939064257810286476501   0.561763705969433574055425188836
  22   0.393619672932815743135100226476   0.793478772597139589938979674319
  23   0.274479723048812803309326531286  -0.428773007491670578051995228998
  24   0.334360135051328812928883079613   0.371722666012668289817419706385
  25   0.204397732657199377456258218920  -0.849120251708032747793182822060
  26  -0.771439198025534329891912241964  -0.398321968050823914419796127159
  27  -0.850769540703173502904470910913  -0.140812932373336779589817790400
  28  -0.621423109620822949524032983175   0.315175724848504709024984388872
  29  -0.496573333935769610102158393966  -0.469690473412803267881531996588
  30  -0.412392828077770994091706797292   0.538367162476005114750842546064
  31  -0.206431258558769222755699100288   0.801274893840851447381004688999
  32   0.460683044558094405275626971043  -0.669413411854054117500516147182
  33   0.124716735955813725412759906206   0.621629544663471485797906972121
  34   0.684334153704667299718576766946   0.356712171242577616980352524182
  35  -0.163166921567802694266476804553  -0.718104717525145694563194708810
  36   0.646901529423111758559863195463  -0.193123877591610641733323186362
  37  -0.109000214762916731801944047059  -0.000000000000000000000000000000
