   1  -0.031853230401377191598776065888  -0.931845297516950884153323259416
   2  -0.613734699289345492482117070288   0.476091331448153214247788556678
   3  -0.930271420048380582884252641298  -0.030390969260841451263963580508
   4   0.510326076745864078158058817574   0.777426705029695812612774909979
   5   0.011905139616001464071234402098  -0.299388494351402384589723994139
   6  -0.017009493615990987628420945726   0.928030348611964649857006075220
   7  -0.919093165817945603577830785538   0.122701081582908650244307515300
   8  -0.171533223416403916943175769048  -0.910249433964749698193723930920
   9   0.353006976541486201046986823930  -0.441877195277113466277810525241
  10  -0.907686869961734314962423398007  -0.173704543369436072858051852785
  11   0.378319787780254816094935594621   0.841999674074081963361154464655
  12   0.311695587896096451929791294523   0.702067767201190868685413939672
  13  -0.474199585305487590724901474368   0.524434675447026809659858601668
  14  -0.024970622304163618239298952151   0.775875859359205535837252351631
  15  -0.688916341655115505717785122058   0.606857395319611123763486637507
  16  -0.056490126064156214282389531716   0.395448555282978399737131214193
  17   0.898098212360207179858277841928   0.175563154740716559732466071003
  18  -0.871490167600132839037147381955   0.274472859093719354686420552345
  19  -0.360700952864639599808792791318   0.837689395751619075275412907803
  20   0.122597586073000039121106673197  -0.902011262991131674320248206936
  21  -0.578509627091774169244019578119  -0.700440682174787569355964783556
  22  -0.843978985885215452737469408325  -0.330672392736367388575694680105
  23  -0.085072575523194808186582949301  -0.434762949784336365472231464138
  24  -0.179816178404739907188085721253   0.880227545564499901909888665359
  25  -0.464311294807915076824571310428  -0.546309189606959080174591959746
  26  -0.781341819877117394072039190145   0.440812318128312774468649837377
  27  -0.258534606323490846660711621675  -0.536947716531981808298769916568
  28   0.775865327955818132811352340153  -0.438544172902257461049244277270
  29   0.641488787404578970230535837606  -0.613860235352016943146445106308
  30  -0.522232102893604059557872697842   0.713505364970150518428754103291
  31   0.145735695153498811861077293084  -0.467185099009914018653369584361
  32   0.546692611872615587826499816617  -0.395626343289133853367425205686
  33   0.170065591083266999806059651736   0.853762482524864084920396036287
  34  -0.699582046884828923902903914842  -0.508328888713413859190549080860
  35   0.120247271529394819560606609877   0.255996637342104255980075775718
  36  -0.349428155054097188732001444874  -0.775411690397517023602356628735
  37   0.116174081975231573473518119390   0.568781358882632980793490881558
  38  -0.033032819845314457278606277761  -0.694729438759583311604550252775
  39  -0.223785164253723601185107872960   0.602733766372667064217740976956
  40   0.346342398551257987664593245338  -0.717107658695991056761284844615
  41   0.768538542418125892043104327119  -0.105614678630869941741128619830
  42   0.285465104027043595722571147909  -0.115110112421624755872688296001
  43   0.558283454463073797018397324247   0.393246991710367320585047209673
  44  -0.412511836782622124053244150492  -0.000000000000000000000000000000
