   1   0.124827895365746310622063069171   0.338194441415727992890072066884
   2  -0.911309184063683795072855790214   0.113728509279896199726098901449
   3  -0.098856371088096045441947489952  -0.746685347520554024432617815592
   4   0.629672864033000000000000000000  -0.664796776262000000000000000000
   5   0.065605217892800668391470123646  -0.709254035097627590294416185365
   6  -0.275380894830326253109782610656   0.870209487952537124564278350776
   7   0.895136219452095884847221021791   0.170029297766545257375035232813
   8  -0.200893090563231131661648761727  -0.886983131338279038048976844362
   9   0.449909751326966745950277090670  -0.788301827389907419836257132228
  10   0.195572954398000000000000000000   0.884358304313000000000000000000
  11  -0.055883812775548985771085999869  -0.572710427411864413190350738446
  12   0.901397059498355920247760902262  -0.017164081838045928656945376584
  13   0.737582671938000000000000000000  -0.514325092021000000000000000000
  14   0.011419307517776598365943951495  -0.896683030529760715915562252319
  15   0.392935623443818059823157369481   0.803099770916759350249071931454
  16   0.818581679115165513061983574692   0.352292174798672608434647719246
  17  -0.116456948337542720362142306412  -0.373454116328519327308027662232
  18   0.320597358118000000000000000000   0.333153113496000000000000000000
  19  -0.307913866302000000000000000000  -0.231690487739000000000000000000
  20  -0.560970396167000000000000000000  -0.228526459914000000000000000000
  21   0.235444406655449114828032314901  -0.839117118672128079992038861585
  22  -0.058829135134176134328629595234  -0.135048297359689668593700376632
  23  -0.765303510454055858629190208362  -0.394033196515678507259017646059
  24  -0.042755789283073460200097804887   0.852919593091931995113000752581
  25  -0.837559194271506914818496183193  -0.109956419600408953365227131342
  26   0.796362560764000895013155177650  -0.256842556480122900716540266200
  27   0.166434495185577816824224616103   0.086722964329708793815614236935
  28   0.178145767545303645008983114321   0.601727832464584383585519295434
  29   0.569044306744549393734669487203   0.545051717038006055270981495789
  30   0.581896550748000000000000000000   0.105875012650000000000000000000
  31  -0.417467019667928607399317328743  -0.603019682500996692442983393820
  32   0.324696046835593353249626717978  -0.388625277644083447600114061439
  33  -0.417267389923293674845581475029   0.339882302359496378125482414494
