   1   0.928311713887575334541254984911  -0.050767157084316012924520390947
   2   0.721339134516497954878495527022   0.318466706030275809799232900149
   3   0.748220353574100146986523116003  -0.179744513568325853957576220303
   4   0.790951958636678405237645870938  -0.009849535596277330531120293628
   5  -0.199037021040103460397510934853   0.904322300513988347089101190441
   6   0.821644652931265236525236491922   0.424829060679893084386432765163
   7  -0.922368872133640524084960806723  -0.053363737411770968648748566767
   8  -0.917383179472997150370242964476   0.099843475595725964599264670298
   9   0.728197504092207953382303898703  -0.564931579700241012977511916379
  10   0.898933587588810648276197277433  -0.197736333087502455234758516362
  11  -0.362942474807684550285621013046  -0.531212023457947421673365845496
  12   0.426706473894557656163822026905  -0.559866589357505436885711542921
  13   0.874128096403913845709027636171   0.275149020833199285964418744916
  14  -0.890201298043988950188879472291  -0.211279279009275616301517050255
  15   0.608907963776735761770410533299  -0.266439579384395438282649497555
  16   0.905516250566484938650671595271   0.106168170631130526986007399346
  17  -0.871813677909291412994550139933   0.260743922495122146132277478142
  18   0.000986402209761373250270339547   0.908113586644158544929717494838
  19  -0.352070403392848809253112927927   0.834943562579312149706465988581
  20   0.596572693130494445446896795101  -0.679240932778587949972143437372
  21   0.213810497324897836038254054467  -0.614344356333868349202274753643
  22   0.715794015708708981872936681418   0.146725771700442147645862281725
  23   0.579275200482366916163423623256  -0.454385146698000631262349157928
  24  -0.807411065414436714094597361738  -0.383592725913229931233761904498
  25  -0.138709104644535743052769066352  -0.879417940661284044507148924312
  26   0.689858221242360549200273288931   0.558289030495709878077325014760
  27  -0.767284960429127124709433680450   0.438551805613732584412516047679
  28   0.515615493120819233100652882306   0.712741674163615734056342548947
  29   0.792132971678823912590715822484  -0.372042757308218417635785795970
  30   0.592097821071241430539489032783  -0.050515853816935674368782009228
  31   0.385036720797549841173730659053  -0.773769328628842825254410617547
  32   0.117219865711882231149722024327  -0.849565804088665566708389833741
  33  -0.376352253902693891306976713130  -0.762086390534781816744537783291
  34  -0.618424427243269103338424764105  -0.569717696924178152732334123125
  35   0.236632203415089851784384338909   0.793534359296012435121292562203
  36  -0.529364515153958794462878663803   0.621290397147536914884090752574
  37  -0.082377690434517505711976613236  -0.569645685277224653219385664772
  38  -0.120561877782890077030876992175   0.615386286808798751856107513091
  39   0.262453302017954902016439131997  -0.259540599965068468546238534484
  40   0.331883127591358446027015231348   0.314470209168099134408063006184
  41  -0.398451246938652288313594115400  -0.000000000000000000000000000000
