   1   0.465155505299968857641100267093   0.102146319537980465359356058015
   2   0.300335583115059020981007592695  -0.870665973907335722934067627959
   3  -0.839847108937000000000000000000   0.375025052674000000000000000000
   4   0.269107374809000000000000000000   0.438209310616000000000000000000
   5   0.747676460873000000000000000000  -0.531389410430000000000000000000
   6  -0.035754443048555762667874490590   0.146504739893005389808059472025
   7  -0.695042735661223518793172490766  -0.594284845668861040980173924853
   8   0.771716945161000000000000000000   0.487722111413000000000000000000
   9  -0.080842409348534466773079924974  -0.907768140873269242542890896252
  10   0.628908313405000000000000000000  -0.657249981201000000000000000000
  11   0.904052171802708454332263691741   0.083318653094755419982458956487
  12   0.825720414729000000000000000000  -0.372813420087000000000000000000
  13  -0.435275394534398433150485718205   0.475407279256812648627808240957
  14  -0.010511478725272518659886895741  -0.266239073985020476028867153881
  15  -0.263838996523369410839465401109  -0.859927842643139297080183803194
  16   0.639178797983726121495689753657   0.629347586990567609570412114706
  17   0.243613263711927347740397421868  -0.694939561199172159889760679808
  18   0.112786038804439247713013256477  -0.870408861466352123623235614156
  19   0.452376529669454871675134419753  -0.755510084613279640602990282553
  20   0.041028724838804863654198964614  -0.059216021294055920187815647752
  21  -0.199332584187409231047072963976   0.858233653128441704430088841131
  22   0.829258343737000690711433751188   0.285116341400491375046812261354
  23   0.047002016518080894773588343832   0.870990020984876393928401325627
  24   0.678517306589000000000000000000   0.076676257575000000000000000000
  25   0.849485288078681179295899834473  -0.141131093055316544369978741826
  26  -0.672486829045000000000000000000   0.526811542037000000000000000000
  27  -0.436964374092746019851060313756   0.724967336518861779402568039987
  28  -0.466707854132123156277646808344  -0.692009958007318853673626881638
  29   0.221629090021882747045311625738   0.166698350436828630904978964271
  30   0.527434370907742044513782444143   0.360634431608244471359087962771
  31   0.342687773687944643504405063896   0.716264327464075586715644618123
  32  -0.074981873971603527714209328693  -0.588338344782206651646337571638
  33  -0.073820185637331036926048863217   0.494436790923655826202135511543
  34   0.412182603034154298802520044930  -0.297895584811076554875784349771
  35  -0.534551378885272820878466394346  -0.072288999047041337474237653320
