   1   0.604137527821542545191997485091   0.676443022114680716589959298250
   2   0.397756636034731675325598572565   0.270942084792279659053757612812
   3  -0.902974718258107779906533444836  -0.017788783170091460402114654625
   4  -0.422489593624659589427774236114   0.795879436804169777121863429062
   5   0.209120054917539139754503221518   0.204986926486263986197420554579
   6  -0.877993190627856284197074923367   0.181035107023764501179858809677
   7  -0.867035639188109620104836591181  -0.217525255861522995357110816071
   8   0.197560463649429529777520289397  -0.868975273062326188756926854388
   9  -0.321575231518802663866828587662  -0.827907169121567072552341256607
  10  -0.217619843315909124285841918555   0.857749257992505292808164471935
  11  -0.792354767584433582337704909110   0.386018856092808852685078454036
  12   0.409458919181648027058817964109  -0.776104261348533096410083057934
  13  -0.762440951436084126371649754775  -0.425617966740863912595012835300
  14  -0.289039435089737826157486132519   0.605118306484176798978528944562
  15  -0.212683327439243800407868445312  -0.604202544331383903382612682233
  16   0.815265696216308784694440530973  -0.262013899314013263607447372918
  17  -0.060436866362781304544188144112  -0.847499825337403985943298214578
  18   0.840575767649602418067982544899   0.046200834815961253319235560117
  19  -0.588646009441814130508671805328   0.587285259368273673949325423599
  20  -0.528423001486769160260432226397  -0.622990920294804353973711888978
  21   0.607786204840241175830454393932  -0.529825791601504019232974621747
  22   0.684104039448415848751500187043   0.381865599338001966870600413509
  23   0.152823108763280854075216687121  -0.524011158359720022405169583666
  24   0.432637248682822880020828178027  -0.096231543745092222584225073434
  25   0.177101248257990020051416255864   0.640466531908139792989377335405
  26  -0.328766894167243489014487979301  -0.000000000000000000000000000000
