   1   0.901160298440255221376216876316   0.174934391024947324076198957893
   2  -0.831696637669923449198259172884  -0.385441172533317859110431582130
   3   0.839038729190000000000000000000   0.365433639076000000000000000000
   4   0.480786902548029154213707169750  -0.555634260345062704315664527103
   5  -0.784520498307000000000000000000   0.465526350731000000000000000000
   6   0.567600636108000000000000000000  -0.712024626722000000000000000000
   7  -0.412977158496000000000000000000   0.091684639511000000000000000000
   8  -0.905466070465000000000000000000   0.053890783366000000000000000000
   9   0.211503114179000000000000000000   0.452869267103000000000000000000
  10   0.045664747633767211487943457550  -0.902102426321440625037689834788
  11   0.110172315557000000000000000000  -0.053842716237000000000000000000
  12   0.898717005517345000839721110496  -0.008311354878992911874999361044
  13   0.298349114244042724593710838736  -0.463144102704160855011334939962
  14  -0.033700515918078903020354148206   0.892924343453302465092564785730
  15   0.181083129144724480318134305932   0.872040433608631986070088253327
  16  -0.644820295447041288031044972087   0.609766381045461494408153852279
  17   0.712723621478723375092133426186   0.522970680155104853180043543041
  18   0.256870159960462092132614041856  -0.243487152269701356770348296429
  19  -0.836400997668000000000000000000   0.260047518997000000000000000000
  20   0.693731378234693273588855321890  -0.527196380813580713456588298521
  21  -0.849436407351231573578747806136  -0.168902815545740009218271825004
  22   0.502816900852454883697462421981  -0.330665487948215478348812212646
  23   0.062764753389000000000000000000   0.644226594757000000000000000000
  24  -0.656309499891622993068368650848   0.045537844823193751376174929371
  25   0.796700727304809306465902044855  -0.253190701469234677284799729201
  26  -0.524657871641694721925337366792   0.348155296680556182614738547583
  27   0.291844808433901697820995232815  -0.756227977935878108578062408430
  28   0.423712593529735577070217156243   0.668269773303010391332864772764
  29  -0.312730994147624398348154202747   0.701429345606432385548010164602
  30  -0.091745602289075914634519892827   0.253083659557984253733616468640
  31   0.492813918398301300058690383580   0.137186938357954193688877419227
  32  -0.288445682158436161002841447532  -0.451815261951030967670805526879
