   1  -0.566450253892977875203306114310  -0.645596689564222312723905722940
   2   0.801835908170320748736923009489   0.291298039208601436351740730541
   3   0.502087098436602853144324988607   0.272895725953062653064748988968
   4   0.621617898224938191906885431664   0.563615052742317888417673867990
   5   0.239279981753319399154177829268  -0.795163253835692841400021717962
   6  -0.431667964085181861867160669394   0.696636340759329351385194043493
   7   0.542838037076041238377979195480  -0.598051438436442447399477320984
   8   0.224177790997160744302781293339   0.042242270532467252269896713138
   9   0.175259589387715116679573858815  -0.394091062270875682251122755331
  10  -0.178716065611487091472048262747  -0.723841646251801352118127859508
  11   0.693051437013034486310897093756  -0.135735921433474295426758993749
  12   0.105339307756451656607947054187   0.631466685657017033058240357289
  13  -0.491155472720624508085199880617  -0.000000000000000000000000000000
