   1  -0.047256257971296446064279868555  -0.933002098473049391516144540288
   2   0.401534024206841614826674170912   0.842697150146272720055239929730
   3   0.006974723891658558364778023444  -0.295914654106796917293477895117
   4   0.084322229361229450405642324693   0.132095523986473366021120189058
   5  -0.930773291289178991297746818240  -0.025792439056536032215271581274
   6  -0.707500796769004885303845005289   0.604071922750901729174605834023
   7   0.323700664697061086200466394636  -0.455727914574556267683309518828
   8  -0.443154257672160980415900918011   0.516861884194371281133476333893
   9   0.020137339469169059535062877835   0.927257384163945947349363805556
  10  -0.919330900743277977321351105754   0.116019377451977420182391849666
  11   0.736894799006188380855021982805  -0.560102282686342360755702226773
  12   0.816728322250276401138763566192  -0.433266378632276941030768235301
  13  -0.907782170775255087324404278487  -0.169377640215699519059138642182
  14  -0.591226757476412776582904849440   0.496515716157571398237801931145
  15  -0.188505764466093814365714963517  -0.901610978450272472293903863559
  16   0.521232933116734062445561690301   0.757910965120907385619187990568
  17  -0.879272432624451404002474750114   0.265609063095256417734297424590
  18   0.358603277816308287945952707847   0.699454130931953815634284970705
  19   0.905568990365980587277021862838   0.134595345195662014963331415959
  20   0.102418612931317887959135296941  -0.908355697732592299024130313581
  21   0.005638880406032976657778853076   0.765275374819392976153386912090
  22  -0.583308085834230302594475950209  -0.699430173795198322665786101513
  23  -0.029571234915673038397970616134   0.377750184963944576832852040538
  24   0.610716936121081882884073161273  -0.670498842082355657155122099637
  25  -0.843051238366805239425930126893  -0.328662755751725056709411305498
  26  -0.080929116830458016784691555318  -0.435158674144105117737665747470
  27  -0.357067315191217979268490453237   0.826362272299235614981316473865
  28  -0.466504497255680983241089164913  -0.547494761772417268695592739283
  29  -0.259615115198745960174751855703  -0.530605153268952190209249962372
  30  -0.154183922033921653980605550607   0.878328477496052267589904501597
  31   0.156754209506706433854385706159   0.296476104247860043884818871484
  32  -0.772686596573498533412105678903   0.431010964152331833630272243661
  33   0.134339837841953580062732436246  -0.471640907267037777450572137802
  34  -0.533995381400628984936058572808   0.689683877863390486801866917507
  35   0.206207386335681022131199706145   0.846410433388588983589043271739
  36  -0.700234877717943539816752218378  -0.508581138275585778862414118713
  37  -0.363393430030930051480870949377  -0.768102674959083366033921606131
  38   0.543170464213368680249543523114  -0.438302688808058949281112820831
  39   0.148288603832370964352491338296   0.565703047966677244422588467113
  40  -0.043280790677128729516392931485  -0.698552022333456243769565308439
  41  -0.200769175019801417192190916060   0.591650339551974691558717747037
  42   0.323799664648407871823384336465  -0.728114763664940479470290440983
  43   0.764272056758678261443905484426  -0.139254091488601511492666243110
  44   0.283657520768430310405375391611  -0.125512416750544256551193072223
  45   0.578156859659666358113083061884   0.366295498782451890613806354666
  46  -0.412774909454099754007138702760  -0.000000000000000000000000000000
