   1  -0.472874912687557393549994412508  -0.687872431432240207701934289845
   2   0.218088543538214567452394313628   0.043491037252363324865699855188
   3   0.397525581555743580549781769004  -0.711629068040040867454917684249
   4  -0.369965014946278398435137140034   0.712096205736442386262366773674
   5   0.217085021630713258931834152148  -0.344073180035871174453709392762
   6   0.662242580929615668396814539893  -0.385506731167235396779548662555
   7  -0.049142397064863837522906186214  -0.737053466949071067398536852744
   8   0.682054743447169097296059947767   0.149584358291968620433868818053
   9   0.186378980563573418844644756621   0.602272580830558057367484660247
  10  -0.477379827032880714265341879653  -0.000000000000000000000000000000
