   1   0.063553803590676681248259190765  -0.397363749537240939155332606736
   2   0.835851901738603842998511353284   0.019632370102345094044880431596
   3  -0.455311779788854235069242645539  -0.690635226534861008350464070690
   4   0.752535243064092210002135072562  -0.317405250309639420757426470798
   5  -0.382381611680681140788416664400   0.707340518561216499088452628934
   6   0.696945132974003421293269110176   0.368531890455222476886235968418
   7  -0.057795691947928303167543168291  -0.766008288913080787270532577315
   8   0.420552472578677181375681054133  -0.609881279475032805332398617513
   9   0.362827106114151996287100596234  -0.031154271411369058091519953452
  10   0.171545724415615060244948158898   0.609799358702823326389772455510
  11  -0.481647133761803750160085980363  -0.000000000000000000000000000000
